# ExaEpi hospital-capacity data -- utilities/build_hospital_data.py
# source: HHS COVID-19 Hospital Capacity by Facility (anag-cw7u): staffed inpatient beds (beds) + staffed adult ICU beds (icu_beds)
# state=CA year=2020 level=tract week=2020-09-27
# columns: FIPS TRACT beds icu_beds n_hospitals hosp_FIPS hosp_TRACT
1405
6001 400100 0 0 0 6001 423902
6001 400200 0 0 0 6001 423902
6001 400300 0 0 0 6001 423902
6001 400400 0 0 0 6001 423902
6001 400500 0 0 0 6001 423902
6001 400600 0 0 0 6001 401000
6001 400700 0 0 0 6001 401000
6001 400800 0 0 0 6001 401000
6001 400900 0 0 0 6001 401000
6001 401000 149 0 1 6001 401000
6001 401100 0 0 0 6001 401000
6001 401200 0 0 0 6001 401000
6001 401300 296 36 1 6001 401300
6001 401400 0 0 0 6001 401300
6001 401500 0 0 0 6001 401000
6001 401600 0 0 0 6001 401300
6001 401700 0 0 0 6001 401000
6001 401800 0 0 0 6001 401300
6001 401900 0 0 0 6001 401300
6001 402000 0 0 0 6001 401300
6001 402100 0 0 0 6001 401300
6001 402200 0 0 0 6001 401300
6001 402300 0 0 0 6001 401300
6001 402400 0 0 0 6001 401300
6001 402500 0 0 0 6001 401300
6001 402600 0 0 0 6001 401300
6001 402700 0 0 0 6001 401300
6001 402800 0 0 0 6001 401300
6001 402900 0 0 0 6001 401300
6001 403000 0 0 0 6001 401300
6001 403100 0 0 0 6001 401300
6001 403200 0 0 0 6001 401300
6001 403300 0 0 0 6001 403500
6001 403400 0 0 0 6001 403500
6001 403500 259 20 1 6001 403500
6001 403600 0 0 0 6001 403500
6001 403700 0 0 0 6001 403500
6001 403800 0 0 0 6001 403500
6001 403900 0 0 0 6001 403500
6001 404000 0 0 0 6001 403500
6001 404100 0 0 0 6001 403500
6001 404200 0 0 0 6001 423902
6001 404300 0 0 0 6001 423902
6001 404400 0 0 0 6001 423902
6001 404501 0 0 0 6001 405700
6001 404502 0 0 0 6001 405700
6001 404600 0 0 0 6001 405700
6001 404700 0 0 0 6001 405700
6001 404800 0 0 0 6001 405700
6001 404900 0 0 0 6001 405700
6001 405000 0 0 0 6001 405700
6001 405100 0 0 0 6001 405700
6001 405200 0 0 0 6001 405700
6001 405300 0 0 0 6001 403500
6001 405400 0 0 0 6001 405700
6001 405500 0 0 0 6001 405700
6001 405600 0 0 0 6001 405700
6001 405700 458 41 1 6001 405700
6001 405800 0 0 0 6001 405700
6001 405900 0 0 0 6001 405700
6001 406000 0 0 0 6001 405700
6001 406100 0 0 0 6001 405700
6001 406201 0 0 0 6001 405700
6001 406202 0 0 0 6001 405700
6001 406300 0 0 0 6001 405700
6001 406400 0 0 0 6001 405700
6001 406500 0 0 0 6001 405700
6001 406600 0 0 0 6001 405700
6001 406700 0 0 0 6001 405700
6001 406800 0 0 0 6001 405700
6001 406900 0 0 0 6001 405700
6001 407000 0 0 0 6001 405700
6001 407100 0 0 0 6001 405700
6001 407200 0 0 0 6001 405700
6001 407300 0 0 0 6001 405700
6001 407400 0 0 0 6001 405700
6001 407500 0 0 0 6001 405700
6001 407600 0 0 0 6001 405700
6001 407700 0 0 0 6001 405700
6001 407800 0 0 0 6001 405700
6001 407900 0 0 0 6001 405700
6001 408000 0 0 0 6001 405700
6001 408100 0 0 0 6001 405700
6001 408200 0 0 0 6001 405700
6001 408300 0 0 0 6001 405700
6001 408400 0 0 0 6001 432800
6001 408500 0 0 0 6001 405700
6001 408600 0 0 0 6001 405700
6001 408700 0 0 0 6001 405700
6001 408800 0 0 0 6001 405700
6001 408900 0 0 0 6001 405700
6001 409000 0 0 0 6001 433300
6001 409100 0 0 0 6001 433300
6001 409200 0 0 0 6001 433300
6001 409300 0 0 0 6001 433300
6001 409400 0 0 0 6001 433300
6001 409500 0 0 0 6001 432800
6001 409600 0 0 0 6001 432800
6001 409700 0 0 0 6001 432800
6001 409800 0 0 0 6001 432800
6001 409900 0 0 0 6001 432800
6001 410000 0 0 0 6001 432800
6001 410100 0 0 0 6001 432800
6001 410200 0 0 0 6001 432800
6001 410300 0 0 0 6001 432800
6001 410400 0 0 0 6001 432800
6001 420100 0 0 0 6001 423902
6001 420200 0 0 0 6001 423902
6001 420300 0 0 0 6001 423902
6001 420400 0 0 0 6001 423902
6001 420500 0 0 0 6001 423902
6001 420600 0 0 0 6001 423902
6001 421100 0 0 0 6001 423902
6001 421200 0 0 0 6001 423902
6001 421300 0 0 0 6001 423902
6001 421400 0 0 0 6001 423902
6001 421500 0 0 0 6001 423902
6001 421600 0 0 0 6001 423902
6001 421700 0 0 0 6001 423902
6001 421800 0 0 0 6001 423902
6001 421900 0 0 0 6001 423902
6001 422000 0 0 0 6001 401000
6001 422100 0 0 0 6001 423902
6001 422200 0 0 0 6001 423902
6001 422300 0 0 0 6001 423902
6001 422400 0 0 0 6001 423902
6001 422500 0 0 0 6001 423902
6001 422600 0 0 0 6001 423902
6001 422700 0 0 0 6001 423902
6001 422800 0 0 0 6001 423902
6001 422900 0 0 0 6001 423902
6001 423000 0 0 0 6001 423902
6001 423100 0 0 0 6001 423902
6001 423200 0 0 0 6001 423902
6001 423300 0 0 0 6001 423902
6001 423400 0 0 0 6001 423902
6001 423500 0 0 0 6001 423902
6001 423601 0 0 0 6001 423902
6001 423602 0 0 0 6001 423902
6001 423700 0 0 0 6001 423902
6001 423800 0 0 0 6001 423902
6001 423901 0 0 0 6001 423902
6001 423902 342 30 1 6001 423902
6001 424001 0 0 0 6001 423902
6001 424002 0 0 0 6001 423902
6001 425100 0 0 0 6001 401000
6001 426100 0 0 0 6001 405700
6001 426200 0 0 0 6001 403500
6001 427100 0 0 0 6001 405700
6001 427200 0 0 0 6001 405700
6001 427300 0 0 0 6001 405700
6001 427400 0 0 0 6001 401300
6001 427500 0 0 0 6001 428500
6001 427600 0 0 0 6001 428500
6001 427700 0 0 0 6001 428500
6001 427800 0 0 0 6001 428500
6001 427900 0 0 0 6001 428500
6001 428000 0 0 0 6001 428500
6001 428100 0 0 0 6001 428500
6001 428200 0 0 0 6001 428500
6001 428301 0 0 0 6001 428500
6001 428302 0 0 0 6001 428500
6001 428400 0 0 0 6001 428500
6001 428500 81 8 1 6001 428500
6001 428600 0 0 0 6001 428500
6001 430100 0 0 0 6001 432800
6001 430200 0 0 0 6001 430900
6001 430300 0 0 0 6001 430900
6001 430400 0 0 0 6001 432800
6001 430500 0 0 0 6001 432800
6001 430600 0 0 0 6001 430900
6001 430700 0 0 0 6001 430900
6001 430800 0 0 0 6001 430900
6001 430900 130 24 1 6001 430900
6001 431000 0 0 0 6001 430900
6001 431100 0 0 0 6001 430900
6001 431200 0 0 0 6001 430900
6001 432100 0 0 0 6001 432800
6001 432200 0 0 0 6001 432800
6001 432300 0 0 0 6001 433300
6001 432400 0 0 0 6001 433300
6001 432500 0 0 0 6001 433300
6001 432600 0 0 0 6001 432800
6001 432700 0 0 0 6001 432800
6001 432800 99 10 1 6001 432800
6001 433000 0 0 0 6001 432800
6001 433101 0 0 0 6001 433300
6001 433102 0 0 0 6001 433300
6001 433200 0 0 0 6001 433300
6001 433300 160 14 1 6001 433300
6001 433400 0 0 0 6001 433300
6001 433500 0 0 0 6001 433300
6001 433600 0 0 0 6001 433300
6001 433700 0 0 0 6001 430900
6001 433800 0 0 0 6001 432800
6001 433900 0 0 0 6001 432800
6001 434000 0 0 0 6001 430900
6001 435101 0 0 0 6001 437300
6001 435102 0 0 0 6001 437300
6001 435200 0 0 0 6001 430900
6001 435300 0 0 0 6001 430900
6001 435400 0 0 0 6001 430900
6001 435500 0 0 0 6001 430900
6001 435600 0 0 0 6001 430900
6001 435700 0 0 0 6001 430900
6001 435800 0 0 0 6001 433300
6001 435900 0 0 0 6001 433300
6001 436000 0 0 0 6001 433300
6001 436100 0 0 0 6001 433300
6001 436200 0 0 0 6001 437300
6001 436300 0 0 0 6001 437300
6001 436401 0 0 0 6001 430900
6001 436402 0 0 0 6001 430900
6001 436500 0 0 0 6001 437300
6001 436601 0 0 0 6001 437300
6001 436602 0 0 0 6001 437300
6001 436700 0 0 0 6001 437300
6001 436800 0 0 0 6001 437300
6001 436900 0 0 0 6001 437300
6001 437000 0 0 0 6001 437300
6001 437100 0 0 0 6001 437300
6001 437200 0 0 0 6001 437300
6001 437300 135 15 1 6001 437300
6001 437400 0 0 0 6001 437300
6001 437500 0 0 0 6001 437300
6001 437600 0 0 0 6001 437300
6001 437700 0 0 0 6001 437300
6001 437800 0 0 0 6001 437300
6001 437900 0 0 0 6001 437300
6001 438000 0 0 0 6001 437300
6001 438100 0 0 0 6001 437300
6001 438201 0 0 0 6001 437300
6001 438202 0 0 0 6001 437300
6001 438300 0 0 0 6001 437300
6001 438400 0 0 0 6001 437300
6001 440100 0 0 0 6001 441901
6001 440200 0 0 0 6001 441901
6001 440301 0 0 0 6001 437300
6001 440302 0 0 0 6001 437300
6001 440304 0 0 0 6001 437300
6001 440305 0 0 0 6001 437300
6001 440306 0 0 0 6001 437300
6001 440307 0 0 0 6001 437300
6001 440308 0 0 0 6001 441901
6001 440309 0 0 0 6001 441901
6001 440331 0 0 0 6001 437300
6001 440332 0 0 0 6001 437300
6001 441100 0 0 0 6001 441901
6001 441200 0 0 0 6001 441901
6001 441301 0 0 0 6001 441901
6001 441302 0 0 0 6001 441901
6001 441401 0 0 0 6001 441901
6001 441402 0 0 0 6001 441901
6001 441501 0 0 0 6001 437300
6001 441503 0 0 0 6001 441901
6001 441521 0 0 0 6001 441901
6001 441522 0 0 0 6001 437300
6001 441601 0 0 0 6001 441901
6001 441602 0 0 0 6001 441901
6001 441700 0 0 0 6001 441901
6001 441800 0 0 0 6001 441901
6001 441901 224 38 2 6001 441901
6001 441921 0 0 0 6001 441901
6001 441922 0 0 0 6001 441901
6001 441923 0 0 0 6001 441901
6001 442000 0 0 0 6001 441901
6001 442100 0 0 0 6001 441901
6001 442200 0 0 0 6001 441901
6001 442300 0 0 0 6001 441901
6001 442400 0 0 0 6001 441901
6001 442500 0 0 0 6001 441901
6001 442600 0 0 0 6001 441901
6001 442700 0 0 0 6001 441901
6001 442800 0 0 0 6001 441901
6001 442900 0 0 0 6001 441901
6001 443001 0 0 0 6001 441901
6001 443002 0 0 0 6001 441901
6001 443101 0 0 0 6001 441901
6001 443102 0 0 0 6001 441901
6001 443103 0 0 0 6001 441901
6001 443200 0 0 0 6001 441901
6001 443301 0 0 0 6001 441901
6001 443302 0 0 0 6001 441901
6001 444100 0 0 0 6001 441901
6001 444200 0 0 0 6001 441901
6001 444300 0 0 0 6001 441901
6001 444400 0 0 0 6001 441901
6001 444500 0 0 0 6001 441901
6001 444600 0 0 0 6001 441901
6001 450100 0 0 0 6001 450722
6001 450200 0 0 0 6001 450722
6001 450300 0 0 0 6001 450722
6001 450400 0 0 0 6001 450722
6001 450500 0 0 0 6013 345108
6001 450601 0 0 0 6001 450722
6001 450602 0 0 0 6001 450722
6001 450603 0 0 0 6001 450722
6001 450604 0 0 0 6001 450722
6001 450605 0 0 0 6001 450722
6001 450606 0 0 0 6001 450722
6001 450607 0 0 0 6001 450722
6001 450701 0 0 0 6001 441901
6001 450703 0 0 0 6001 450722
6001 450721 0 0 0 6001 450722
6001 450722 241 22 1 6001 450722
6001 450741 0 0 0 6001 450722
6001 450742 0 0 0 6001 450722
6001 451101 0 0 0 6001 450722
6001 451102 0 0 0 6001 450722
6001 451201 0 0 0 6001 450722
6001 451202 0 0 0 6001 450722
6001 451300 0 0 0 6001 450722
6001 451401 0 0 0 6001 450722
6001 451402 0 0 0 6001 450722
6001 451501 0 0 0 6001 450722
6001 451502 0 0 0 6001 450722
6001 451503 0 0 0 6001 450722
6001 451601 0 0 0 6001 450722
6001 451602 0 0 0 6001 450722
6001 451701 0 0 0 6001 450722
6001 451702 0 0 0 6001 450722
6013 301000 0 0 0 6013 303200
6013 302002 0 0 0 6013 303200
6013 302003 0 0 0 6013 355101
6013 302004 0 0 0 6013 355101
6013 303100 0 0 0 6013 303200
6013 303200 95 5 1 6013 303200
6013 304000 0 0 0 6013 303200
6013 305000 0 0 0 6013 355101
6013 306001 0 0 0 6013 355101
6013 306002 0 0 0 6013 355101
6013 307101 0 0 0 6013 355101
6013 307102 0 0 0 6013 355101
6013 307201 0 0 0 6013 355101
6013 307202 0 0 0 6013 355101
6013 307204 0 0 0 6013 355101
6013 307205 0 0 0 6013 355101
6013 308001 0 0 0 6013 355101
6013 308002 0 0 0 6013 355101
6013 309000 0 0 0 6013 355101
6013 310000 0 0 0 6013 355101
6013 311000 0 0 0 6013 355101
6013 312000 0 0 0 6013 355101
6013 313101 0 0 0 6013 355101
6013 313102 0 0 0 6013 355101
6013 313103 0 0 0 6013 355101
6013 313201 0 0 0 6013 329000
6013 313202 0 0 0 6013 329000
6013 314102 0 0 0 6013 329000
6013 314103 0 0 0 6013 329000
6013 314104 0 0 0 6013 329000
6013 314200 0 0 0 6013 329000
6013 315000 0 0 0 6013 329000
6013 316000 0 0 0 6013 318000
6013 317000 0 0 0 6013 318000
6013 318000 118 18 1 6013 318000
6013 319000 0 0 0 6013 318000
6013 320001 0 0 0 6013 318000
6013 320002 0 0 0 6013 329000
6013 321101 0 0 0 6013 318000
6013 321102 0 0 0 6013 329000
6013 321103 0 0 0 6013 318000
6013 321200 0 0 0 6013 329000
6013 322000 0 0 0 6013 329000
6013 323000 0 0 0 6013 339000
6013 324000 0 0 0 6013 339000
6013 325000 0 0 0 6013 339000
6013 326000 0 0 0 6013 339000
6013 327000 0 0 0 6013 329000
6013 328000 0 0 0 6013 329000
6013 329000 236 36 1 6013 329000
6013 330000 0 0 0 6013 329000
6013 331000 0 0 0 6013 329000
6013 332000 0 0 0 6013 329000
6013 333100 0 0 0 6013 329000
6013 333200 0 0 0 6013 329000
6013 334001 0 0 0 6013 329000
6013 334003 0 0 0 6013 338302
6013 334004 0 0 0 6013 338302
6013 334005 0 0 0 6013 329000
6013 335000 0 0 0 6013 329000
6013 336101 0 0 0 6013 329000
6013 336102 0 0 0 6013 329000
6013 336200 0 0 0 6013 329000
6013 337100 0 0 0 6013 329000
6013 337200 0 0 0 6013 329000
6013 337300 0 0 0 6013 338302
6013 338100 0 0 0 6013 338302
6013 338201 0 0 0 6013 338302
6013 338202 0 0 0 6013 339000
6013 338301 0 0 0 6013 338302
6013 338302 383 59 1 6013 338302
6013 339000 163 18 1 6013 339000
6013 340001 0 0 0 6013 339000
6013 340002 0 0 0 6013 339000
6013 341000 0 0 0 6013 339000
6013 342000 0 0 0 6013 339000
6013 343001 0 0 0 6013 339000
6013 343002 0 0 0 6013 339000
6013 343003 0 0 0 6013 338302
6013 344000 0 0 0 6013 339000
6013 345101 0 0 0 6013 345108
6013 345102 0 0 0 6013 345108
6013 345103 0 0 0 6013 345108
6013 345105 0 0 0 6013 345108
6013 345107 0 0 0 6013 345108
6013 345108 123 12 1 6013 345108
6013 345109 0 0 0 6013 345108
6013 345110 0 0 0 6013 345108
6013 345201 0 0 0 6013 345108
6013 345202 0 0 0 6013 345108
6013 346101 0 0 0 6013 338302
6013 346102 0 0 0 6013 338302
6013 346201 0 0 0 6013 338302
6013 346202 0 0 0 6013 345108
6013 347000 0 0 0 6013 339000
6013 348000 0 0 0 6013 339000
6013 349000 0 0 0 6013 339000
6013 350000 0 0 0 6013 339000
6013 351100 0 0 0 6013 339000
6013 351200 0 0 0 6013 339000
6013 352101 0 0 0 6013 339000
6013 352102 0 0 0 6013 339000
6013 352201 0 0 0 6013 339000
6013 352202 0 0 0 6001 405700
6013 353001 0 0 0 6001 423902
6013 353002 0 0 0 6001 423902
6013 354001 0 0 0 6001 423902
6013 354002 0 0 0 6001 423902
6013 355101 132 12 1 6013 355101
6013 355104 0 0 0 6013 345108
6013 355106 0 0 0 6013 355101
6013 355200 0 0 0 6013 329000
6013 355301 0 0 0 6013 338302
6013 355302 0 0 0 6013 338302
6013 355303 0 0 0 6013 338302
6013 355304 0 0 0 6013 338302
6013 355305 0 0 0 6013 338302
6013 356001 0 0 0 6013 318000
6013 356002 0 0 0 6013 318000
6013 357000 0 0 0 6013 318000
6013 358000 0 0 0 6095 251400
6013 359101 0 0 0 6095 251400
6013 359102 0 0 0 6013 318000
6013 359202 0 0 0 6013 318000
6013 359203 0 0 0 6013 318000
6013 359204 0 0 0 6013 318000
6013 360100 0 0 0 6013 318000
6013 360200 0 0 0 6013 318000
6013 361000 0 0 0 6001 423902
6013 362000 0 0 0 6001 423902
6013 363000 0 0 0 6013 318000
6013 364001 0 0 0 6013 318000
6013 364002 0 0 0 6013 318000
6013 365001 0 0 0 6041 119200
6013 365002 0 0 0 6041 119200
6013 366001 0 0 0 6001 423902
6013 366002 0 0 0 6001 423902
6013 367100 0 0 0 6001 423902
6013 367200 0 0 0 6001 423902
6013 368000 0 0 0 6001 423902
6013 369001 0 0 0 6001 423902
6013 369002 0 0 0 6001 423902
6013 370000 0 0 0 6001 423902
6013 371000 0 0 0 6001 423902
6013 372000 0 0 0 6001 423902
6013 373000 0 0 0 6001 423902
6013 374000 0 0 0 6001 423902
6013 375000 0 0 0 6001 423902
6013 376000 0 0 0 6001 423902
6013 377000 0 0 0 6001 423902
6013 378000 0 0 0 6041 119200
6013 379000 0 0 0 6001 423902
6013 380000 0 0 0 6001 423902
6013 381000 0 0 0 6001 423902
6013 382000 0 0 0 6001 423902
6013 383000 0 0 0 6001 423902
6013 384000 0 0 0 6001 423902
6013 385100 0 0 0 6001 423902
6013 385200 0 0 0 6001 423902
6013 386000 0 0 0 6001 423902
6013 387000 0 0 0 6001 423902
6013 388000 0 0 0 6001 423902
6013 389100 0 0 0 6001 423902
6013 389200 0 0 0 6001 423902
6013 390100 0 0 0 6001 423902
6013 390200 0 0 0 6001 423902
6013 391000 0 0 0 6001 423902
6013 392000 0 0 0 6001 423902
6041 101100 0 0 0 6041 101200
6041 101200 40 8 1 6041 101200
6041 102100 0 0 0 6041 101200
6041 102201 0 0 0 6041 101200
6041 103100 0 0 0 6041 101200
6041 103200 0 0 0 6041 101200
6041 104101 0 0 0 6041 101200
6041 104102 0 0 0 6041 101200
6041 104200 0 0 0 6041 101200
6041 104300 0 0 0 6041 101200
6041 105000 0 0 0 6041 101200
6041 106001 0 0 0 6041 108200
6041 106002 0 0 0 6041 108200
6041 107000 0 0 0 6041 108200
6041 108100 0 0 0 6041 108200
6041 108200 62 6 1 6041 108200
6041 109000 0 0 0 6041 108200
6041 110100 0 0 0 6041 108200
6041 110200 0 0 0 6041 119200
6041 111000 0 0 0 6041 119200
6041 112100 0 0 0 6041 119200
6041 112200 0 0 0 6041 119200
6041 113000 0 0 0 6041 108200
6041 114100 0 0 0 6041 108200
6041 114200 0 0 0 6041 108200
6041 115000 0 0 0 6041 108200
6041 116000 0 0 0 6041 108200
6041 117000 0 0 0 6041 108200
6041 118100 0 0 0 6041 119100
6041 118200 0 0 0 6041 119100
6041 119100 50 0 1 6041 119100
6041 119200 127 16 1 6041 119200
6041 120000 0 0 0 6041 119200
6041 121100 0 0 0 6041 119200
6041 121200 0 0 0 6041 119200
6041 122000 0 0 0 6041 119200
6041 123000 0 0 0 6041 119200
6041 124100 0 0 0 6041 119200
6041 124200 0 0 0 6075 11300
6041 125000 0 0 0 6041 119200
6041 126100 0 0 0 6041 119100
6041 126200 0 0 0 6041 119200
6041 127000 0 0 0 6041 119100
6041 128100 0 0 0 6041 119100
6041 128200 0 0 0 6041 119100
6041 129000 0 0 0 6041 119200
6041 130200 0 0 0 6075 11100
6041 131000 0 0 0 6041 119100
6041 132100 0 0 0 6041 119100
6041 132200 0 0 0 6041 101200
6041 133000 0 0 0 6097 150605
6055 200201 0 0 0 6055 200600
6055 200202 0 0 0 6055 200600
6055 200203 0 0 0 6055 200600
6055 200300 0 0 0 6055 200600
6055 200400 0 0 0 6055 200600
6055 200501 0 0 0 6055 200600
6055 200502 0 0 0 6055 200600
6055 200503 0 0 0 6055 200600
6055 200600 155 20 1 6055 200600
6055 200701 0 0 0 6055 200600
6055 200702 0 0 0 6055 200600
6055 200703 0 0 0 6055 200600
6055 200801 0 0 0 6055 200600
6055 200802 0 0 0 6055 200600
6055 200900 0 0 0 6055 200600
6055 201001 0 0 0 6095 251901
6055 201002 0 0 0 6095 251901
6055 201100 0 0 0 6097 150201
6055 201200 0 0 0 6055 200600
6055 201300 0 0 0 6055 200600
6055 201400 0 0 0 6055 200600
6055 201500 0 0 0 6055 201700
6055 201600 0 0 0 6055 201700
6055 201700 38 7 1 6055 201700
6055 201800 0 0 0 6055 201700
6055 201900 0 0 0 6055 201700
6055 202000 0 0 0 6055 201700
6075 10100 0 0 0 6075 11300
6075 10200 0 0 0 6075 11300
6075 10300 0 0 0 6075 11300
6075 10400 0 0 0 6075 11300
6075 10500 0 0 0 6075 11300
6075 10600 0 0 0 6075 11300
6075 10700 0 0 0 6075 11300
6075 10800 0 0 0 6075 11300
6075 10900 0 0 0 6075 11100
6075 11000 0 0 0 6075 11100
6075 11100 112 18 1 6075 11100
6075 11200 0 0 0 6075 11300
6075 11300 88 6 1 6075 11300
6075 11400 0 0 0 6075 11300
6075 11500 0 0 0 6075 11300
6075 11700 0 0 0 6075 11300
6075 11800 0 0 0 6075 11300
6075 11900 0 0 0 6075 11300
6075 12000 0 0 0 6075 11100
6075 12100 0 0 0 6075 11100
6075 12200 0 0 0 6075 15100
6075 12300 0 0 0 6075 11100
6075 12400 0 0 0 6075 15100
6075 12500 0 0 0 6075 11100
6075 12600 0 0 0 6075 11100
6075 12700 0 0 0 6075 15100
6075 12800 0 0 0 6075 15100
6075 12900 0 0 0 6075 11100
6075 13000 0 0 0 6075 11100
6075 13100 0 0 0 6075 15100
6075 13200 0 0 0 6075 15100
6075 13300 0 0 0 6075 15700
6075 13400 0 0 0 6075 15700
6075 13500 0 0 0 6075 15100
6075 15100 259 36 1 6075 15100
6075 15200 0 0 0 6075 15100
6075 15300 0 0 0 6075 15700
6075 15400 0 0 0 6075 15700
6075 15500 0 0 0 6075 15100
6075 15600 0 0 0 6075 15700
6075 15700 186 21 1 6075 15700
6075 15800 0 0 0 6075 15700
6075 15900 0 0 0 6075 15100
6075 16000 0 0 0 6075 15100
6075 16100 0 0 0 6075 15100
6075 16200 0 0 0 6075 15100
6075 16300 0 0 0 6075 16900
6075 16400 0 0 0 6075 16500
6075 16500 134 15 1 6075 16500
6075 16600 0 0 0 6075 16500
6075 16700 0 0 0 6075 16900
6075 16800 0 0 0 6075 16900
6075 16900 94 8 1 6075 16900
6075 17000 0 0 0 6075 16900
6075 17100 0 0 0 6075 16500
6075 17601 0 0 0 6075 15100
6075 17602 0 0 0 6075 11300
6075 17700 0 0 0 6075 22802
6075 17800 0 0 0 6075 11100
6075 17901 0 0 0 6075 11300
6075 17902 0 0 0 6075 11300
6075 18000 0 0 0 6075 22802
6075 20100 0 0 0 6075 16900
6075 20200 0 0 0 6075 16900
6075 20300 0 0 0 6075 16900
6075 20400 0 0 0 6075 30500
6075 20500 0 0 0 6075 16900
6075 20600 0 0 0 6075 16900
6075 20700 0 0 0 6075 16900
6075 20800 0 0 0 6075 22802
6075 20900 0 0 0 6075 25300
6075 21000 0 0 0 6075 25300
6075 21100 0 0 0 6075 25300
6075 21200 0 0 0 6075 30500
6075 21300 0 0 0 6075 30500
6075 21400 0 0 0 6075 25300
6075 21500 0 0 0 6075 25300
6075 21600 0 0 0 6075 30500
6075 21700 0 0 0 6075 25300
6075 21800 0 0 0 6075 25300
6075 22600 0 0 0 6075 22802
6075 22701 0 0 0 6075 22802
6075 22702 0 0 0 6075 22802
6075 22703 0 0 0 6075 22802
6075 22801 0 0 0 6075 22802
6075 22802 210 38 1 6075 22802
6075 22803 0 0 0 6075 22802
6075 22901 0 0 0 6075 25300
6075 22902 0 0 0 6075 22802
6075 22903 0 0 0 6075 22802
6075 23001 0 0 0 6075 25300
6075 23002 0 0 0 6075 25300
6075 23003 0 0 0 6075 25300
6075 23101 0 0 0 6075 22802
6075 23102 0 0 0 6075 25300
6075 23103 0 0 0 6075 22802
6075 23200 0 0 0 6075 25300
6075 23300 0 0 0 6075 25300
6075 23400 0 0 0 6075 25300
6075 25100 0 0 0 6075 25300
6075 25200 0 0 0 6075 25300
6075 25300 98 10 1 6075 25300
6075 25401 0 0 0 6075 25300
6075 25402 0 0 0 6075 25300
6075 25403 0 0 0 6075 25300
6075 25500 0 0 0 6075 25300
6075 25600 0 0 0 6075 25300
6075 25700 0 0 0 6075 25300
6075 25800 0 0 0 6075 25300
6075 25900 0 0 0 6075 25300
6075 26001 0 0 0 6075 25300
6075 26002 0 0 0 6075 25300
6075 26003 0 0 0 6075 25300
6075 26004 0 0 0 6075 25300
6075 26100 0 0 0 6075 25300
6075 26200 0 0 0 6081 601400
6075 26301 0 0 0 6075 25300
6075 26302 0 0 0 6075 25300
6075 26303 0 0 0 6075 25300
6075 26401 0 0 0 6075 25300
6075 26402 0 0 0 6075 25300
6075 26403 0 0 0 6075 25300
6075 26404 0 0 0 6075 25300
6075 30101 0 0 0 6075 30102
6075 30102 681 102 1 6075 30102
6075 30201 0 0 0 6075 30102
6075 30202 0 0 0 6075 30102
6075 30301 0 0 0 6075 30102
6075 30302 0 0 0 6075 30102
6075 30400 0 0 0 6075 30500
6075 30500 11 0 1 6075 30500
6075 30600 0 0 0 6075 30500
6075 30700 0 0 0 6075 30500
6075 30800 0 0 0 6075 30500
6075 30900 0 0 0 6075 30500
6075 31000 0 0 0 6075 30500
6075 31100 0 0 0 6075 30500
6075 31200 0 0 0 6075 30500
6075 31300 0 0 0 6081 601400
6075 31400 0 0 0 6075 30500
6075 32600 0 0 0 6075 30102
6075 32700 0 0 0 6075 30102
6075 32800 0 0 0 6075 30102
6075 32900 0 0 0 6075 30102
6075 33000 0 0 0 6075 30500
6075 33100 0 0 0 6075 30500
6075 33201 0 0 0 6075 30500
6075 33202 0 0 0 6081 601400
6075 35100 0 0 0 6075 30102
6075 35201 0 0 0 6075 30102
6075 35202 0 0 0 6075 30102
6075 35300 0 0 0 6075 30102
6075 35400 0 0 0 6075 30102
6075 40100 0 0 0 6075 15700
6075 40200 0 0 0 6075 15700
6075 42600 0 0 0 6075 15700
6075 42700 0 0 0 6075 15700
6075 42800 0 0 0 6075 15700
6075 45100 0 0 0 6075 15700
6075 45200 0 0 0 6075 15700
6075 47600 0 0 0 6075 15700
6075 47701 0 0 0 6075 15700
6075 47702 0 0 0 6075 30102
6075 47800 0 0 0 6075 30102
6075 47901 0 0 0 6075 30102
6075 47902 0 0 0 6075 30102
6075 60100 0 0 0 6075 15700
6075 60200 0 0 0 6075 15700
6075 60300 0 0 0 6075 30102
6075 60400 0 0 0 6041 119100
6075 60501 0 0 0 6075 25300
6075 60502 0 0 0 6075 25300
6075 60600 0 0 0 6075 25300
6075 60700 0 0 0 6075 22802
6075 60900 0 0 0 6075 22802
6075 61000 0 0 0 6075 25300
6081 600100 0 0 0 6081 601900
6081 600200 0 0 0 6075 25300
6081 600300 0 0 0 6081 601900
6081 600400 0 0 0 6081 601400
6081 600500 0 0 0 6081 601400
6081 600600 0 0 0 6081 601400
6081 600700 0 0 0 6081 601400
6081 600800 0 0 0 6081 601400
6081 600900 0 0 0 6081 601400
6081 601000 0 0 0 6081 601400
6081 601100 0 0 0 6081 601400
6081 601200 0 0 0 6081 601400
6081 601300 0 0 0 6081 601400
6081 601400 126 17 1 6081 601400
6081 601501 0 0 0 6081 601400
6081 601502 0 0 0 6081 601400
6081 601601 0 0 0 6081 601900
6081 601603 0 0 0 6081 601900
6081 601604 0 0 0 6081 601400
6081 601605 0 0 0 6081 601400
6081 601700 0 0 0 6081 601900
6081 601800 0 0 0 6081 601900
6081 601900 66 6 1 6081 601900
6081 602000 0 0 0 6081 601900
6081 602100 0 0 0 6081 601900
6081 602200 0 0 0 6081 601900
6081 602300 0 0 0 6081 605000
6081 602400 0 0 0 6081 601900
6081 602500 0 0 0 6081 601900
6081 602600 0 0 0 6081 601900
6081 602700 0 0 0 6081 601400
6081 602800 0 0 0 6081 601400
6081 602900 0 0 0 6081 601400
6081 603000 0 0 0 6081 601400
6081 603100 0 0 0 6081 601400
6081 603200 0 0 0 6081 601400
6081 603300 0 0 0 6081 605000
6081 603400 0 0 0 6081 605000
6081 603500 0 0 0 6081 601900
6081 603600 0 0 0 6081 601900
6081 603700 0 0 0 6081 601900
6081 603800 0 0 0 6081 601900
6081 603900 0 0 0 6081 605000
6081 604000 0 0 0 6081 601900
6081 604101 0 0 0 6081 601900
6081 604102 0 0 0 6081 601900
6081 604200 0 0 0 6081 601900
6081 604300 0 0 0 6081 605000
6081 604400 0 0 0 6081 605000
6081 604500 0 0 0 6081 605000
6081 604600 0 0 0 6081 605000
6081 604700 0 0 0 6081 605000
6081 604800 0 0 0 6081 605000
6081 604900 0 0 0 6081 605000
6081 605000 248 24 1 6081 605000
6081 605100 0 0 0 6081 605000
6081 605200 0 0 0 6081 605000
6081 605300 0 0 0 6081 605000
6081 605400 0 0 0 6081 605000
6081 605500 0 0 0 6081 605000
6081 605600 0 0 0 6081 605000
6081 605700 0 0 0 6081 607200
6081 605800 0 0 0 6081 605000
6081 605900 0 0 0 6081 605000
6081 606000 0 0 0 6081 605000
6081 606100 0 0 0 6081 607200
6081 606200 0 0 0 6081 607200
6081 606300 0 0 0 6081 607200
6081 606400 0 0 0 6081 607200
6081 606500 0 0 0 6081 607200
6081 606600 0 0 0 6081 607200
6081 606700 0 0 0 6081 607200
6081 606800 0 0 0 6081 607200
6081 606900 0 0 0 6081 607200
6081 607000 0 0 0 6081 607200
6081 607100 0 0 0 6081 607200
6081 607200 41 7 1 6081 607200
6081 607300 0 0 0 6081 607200
6081 607400 0 0 0 6081 607200
6081 607500 0 0 0 6081 607200
6081 607600 0 0 0 6081 607200
6081 607701 0 0 0 6081 607200
6081 607702 0 0 0 6081 607200
6081 607800 0 0 0 6081 607200
6081 607900 0 0 0 6081 607200
6081 608001 0 0 0 6081 607200
6081 608002 0 0 0 6081 607200
6081 608004 0 0 0 6081 607200
6081 608013 0 0 0 6081 607200
6081 608023 0 0 0 6081 607200
6081 608100 0 0 0 6081 607200
6081 608200 0 0 0 6081 607200
6081 608300 0 0 0 6081 607200
6081 608400 0 0 0 6081 607200
6081 608501 0 0 0 6081 607200
6081 608502 0 0 0 6081 607200
6081 608600 0 0 0 6081 607200
6081 608700 0 0 0 6081 607200
6081 608800 0 0 0 6081 607200
6081 608900 0 0 0 6081 607200
6081 609000 0 0 0 6081 607200
6081 609100 0 0 0 6081 610202
6081 609200 0 0 0 6081 610202
6081 609300 0 0 0 6081 610202
6081 609400 0 0 0 6081 609800
6081 609500 0 0 0 6081 607200
6081 609601 0 0 0 6081 609800
6081 609602 0 0 0 6081 609800
6081 609603 0 0 0 6081 609800
6081 609700 0 0 0 6081 609800
6081 609800 108 10 1 6081 609800
6081 609900 0 0 0 6081 609800
6081 610000 0 0 0 6081 610202
6081 610100 0 0 0 6081 610202
6081 610201 0 0 0 6081 610202
6081 610202 91 12 1 6081 610202
6081 610203 0 0 0 6081 610202
6081 610302 0 0 0 6081 610202
6081 610303 0 0 0 6081 607200
6081 610304 0 0 0 6081 607200
6081 610400 0 0 0 6081 610202
6081 610500 0 0 0 6081 610202
6081 610601 0 0 0 6081 610202
6081 610602 0 0 0 6081 610202
6081 610700 0 0 0 6081 610202
6081 610800 0 0 0 6081 610202
6081 610900 0 0 0 6081 610202
6081 611000 0 0 0 6081 609800
6081 611100 0 0 0 6081 609800
6081 611200 0 0 0 6081 609800
6081 611300 0 0 0 6081 609800
6081 611400 0 0 0 6085 511604
6081 611500 0 0 0 6085 511604
6081 611600 0 0 0 6085 511604
6081 611700 0 0 0 6081 610202
6081 611800 0 0 0 6085 511604
6081 611900 0 0 0 6085 511604
6081 612000 0 0 0 6085 511604
6081 612100 0 0 0 6085 511604
6081 612200 0 0 0 6085 511604
6081 612400 0 0 0 6085 511604
6081 612500 0 0 0 6085 511604
6081 612600 0 0 0 6085 511604
6081 612700 0 0 0 6085 511604
6081 612800 0 0 0 6085 511604
6081 612900 0 0 0 6085 511604
6081 613000 0 0 0 6085 511604
6081 613200 0 0 0 6085 511604
6081 613300 0 0 0 6081 609800
6081 613400 0 0 0 6081 609800
6081 613501 0 0 0 6081 605000
6081 613502 0 0 0 6081 605000
6081 613600 0 0 0 6081 605000
6081 613700 0 0 0 6081 609800
6081 613800 0 0 0 6085 511604
6085 500100 0 0 0 6085 503706
6085 500200 0 0 0 6085 503706
6085 500300 0 0 0 6085 502101
6085 500400 0 0 0 6085 502101
6085 500500 0 0 0 6085 502101
6085 500600 0 0 0 6085 502101
6085 500800 0 0 0 6085 502101
6085 500901 0 0 0 6085 503706
6085 500902 0 0 0 6085 503706
6085 501000 0 0 0 6085 503706
6085 501100 0 0 0 6085 503706
6085 501200 0 0 0 6085 503706
6085 501300 0 0 0 6085 503706
6085 501400 0 0 0 6085 503706
6085 501501 0 0 0 6085 503706
6085 501502 0 0 0 6085 503706
6085 501600 0 0 0 6085 503706
6085 501700 0 0 0 6085 502101
6085 501800 0 0 0 6085 502101
6085 501900 0 0 0 6085 502101
6085 502001 0 0 0 6085 502101
6085 502002 0 0 0 6085 502101
6085 502101 736 181 1 6085 502101
6085 502102 0 0 0 6085 502101
6085 502201 0 0 0 6085 502101
6085 502202 0 0 0 6085 502101
6085 502300 0 0 0 6085 502101
6085 502400 0 0 0 6085 502101
6085 502500 0 0 0 6085 502101
6085 502601 0 0 0 6085 502101
6085 502602 0 0 0 6085 502101
6085 502701 0 0 0 6085 502702
6085 502702 409 37 1 6085 502702
6085 502800 0 0 0 6085 502702
6085 502901 0 0 0 6085 502702
6085 502902 0 0 0 6085 502702
6085 502903 0 0 0 6085 502702
6085 502906 0 0 0 6085 502702
6085 502907 0 0 0 6085 502702
6085 502908 0 0 0 6085 502702
6085 502909 0 0 0 6085 502702
6085 502910 0 0 0 6085 502702
6085 503001 0 0 0 6085 502101
6085 503002 0 0 0 6085 502702
6085 503003 0 0 0 6085 502702
6085 503103 0 0 0 6085 502101
6085 503105 0 0 0 6085 503706
6085 503106 0 0 0 6085 503706
6085 503108 0 0 0 6085 502101
6085 503110 0 0 0 6085 503706
6085 503111 0 0 0 6085 503706
6085 503112 0 0 0 6085 503706
6085 503113 0 0 0 6085 502101
6085 503115 0 0 0 6085 502101
6085 503116 0 0 0 6085 512033
6085 503204 0 0 0 6085 512033
6085 503207 0 0 0 6085 512033
6085 503208 0 0 0 6085 512033
6085 503210 0 0 0 6085 512033
6085 503211 0 0 0 6085 503706
6085 503212 0 0 0 6085 503706
6085 503213 0 0 0 6085 503706
6085 503214 0 0 0 6085 503706
6085 503217 0 0 0 6085 512033
6085 503218 0 0 0 6085 512033
6085 503304 0 0 0 6085 503706
6085 503305 0 0 0 6085 503706
6085 503306 0 0 0 6085 503706
6085 503312 0 0 0 6085 503706
6085 503313 0 0 0 6085 503706
6085 503315 0 0 0 6085 503706
6085 503317 0 0 0 6085 512033
6085 503319 0 0 0 6085 512033
6085 503320 0 0 0 6085 512033
6085 503321 0 0 0 6085 503706
6085 503322 0 0 0 6085 503706
6085 503323 0 0 0 6085 503706
6085 503324 0 0 0 6085 503706
6085 503325 0 0 0 6085 503706
6085 503326 0 0 0 6085 503706
6085 503327 0 0 0 6085 512033
6085 503328 0 0 0 6085 512033
6085 503401 0 0 0 6085 503706
6085 503402 0 0 0 6085 503706
6085 503504 0 0 0 6085 503706
6085 503506 0 0 0 6085 503706
6085 503507 0 0 0 6085 503706
6085 503508 0 0 0 6085 503706
6085 503509 0 0 0 6085 503706
6085 503510 0 0 0 6085 503706
6085 503511 0 0 0 6085 503706
6085 503601 0 0 0 6085 503706
6085 503602 0 0 0 6085 503706
6085 503702 0 0 0 6085 503706
6085 503703 0 0 0 6085 503706
6085 503706 206 37 1 6085 503706
6085 503707 0 0 0 6085 503706
6085 503708 0 0 0 6085 503706
6085 503709 0 0 0 6085 503706
6085 503802 0 0 0 6085 503706
6085 503803 0 0 0 6085 503706
6085 503804 0 0 0 6085 503706
6085 503900 0 0 0 6085 503706
6085 504001 0 0 0 6085 503706
6085 504002 0 0 0 6085 503706
6085 504101 0 0 0 6085 503706
6085 504102 0 0 0 6085 503706
6085 504201 0 0 0 6085 503706
6085 504202 0 0 0 6085 503706
6085 504307 0 0 0 6085 503706
6085 504308 0 0 0 6085 503706
6085 504310 0 0 0 6085 503706
6085 504311 0 0 0 6085 503706
6085 504314 0 0 0 6085 503706
6085 504315 0 0 0 6085 503706
6085 504316 0 0 0 6085 503706
6085 504317 0 0 0 6085 503706
6085 504318 0 0 0 6085 503706
6085 504319 0 0 0 6085 503706
6085 504320 0 0 0 6085 503706
6085 504321 0 0 0 6085 503706
6085 504410 0 0 0 6085 503706
6085 504411 0 0 0 6085 503706
6085 504412 0 0 0 6085 503706
6085 504413 0 0 0 6085 503706
6085 504414 0 0 0 6085 503706
6085 504415 0 0 0 6085 503706
6085 504416 0 0 0 6085 503706
6085 504417 0 0 0 6085 503706
6085 504418 0 0 0 6085 503706
6085 504420 0 0 0 6085 503706
6085 504421 0 0 0 6085 503706
6085 504422 0 0 0 6085 503706
6085 504504 0 0 0 6085 503706
6085 504505 0 0 0 6085 503706
6085 504506 0 0 0 6085 503706
6085 504507 0 0 0 6085 503706
6085 504601 0 0 0 6085 511604
6085 504602 0 0 0 6085 509901
6085 504700 0 0 0 6085 509901
6085 504802 0 0 0 6085 508102
6085 504803 0 0 0 6085 509901
6085 504805 0 0 0 6085 508102
6085 504806 0 0 0 6085 508102
6085 504901 0 0 0 6085 508102
6085 505001 0 0 0 6085 508102
6085 505005 0 0 0 6085 503706
6085 505006 0 0 0 6085 503706
6085 505007 0 0 0 6085 508102
6085 505100 0 0 0 6085 502101
6085 505202 0 0 0 6085 508102
6085 505203 0 0 0 6085 502101
6085 505301 0 0 0 6085 508102
6085 505302 0 0 0 6085 508102
6085 505303 0 0 0 6085 508102
6085 505304 0 0 0 6085 508102
6085 505305 0 0 0 6085 508102
6085 505401 0 0 0 6085 508102
6085 505402 0 0 0 6085 508102
6085 505403 0 0 0 6085 508102
6085 505500 0 0 0 6085 508102
6085 505600 0 0 0 6085 502101
6085 505700 0 0 0 6085 502101
6085 505800 0 0 0 6085 502101
6085 505900 0 0 0 6085 502101
6085 506000 0 0 0 6085 508102
6085 506101 0 0 0 6085 508102
6085 506102 0 0 0 6085 508102
6085 506103 0 0 0 6085 508102
6085 506202 0 0 0 6085 508102
6085 506203 0 0 0 6085 508102
6085 506204 0 0 0 6085 508102
6085 506301 0 0 0 6085 502101
6085 506302 0 0 0 6085 502101
6085 506304 0 0 0 6085 502101
6085 506305 0 0 0 6085 502101
6085 506401 0 0 0 6085 502101
6085 506402 0 0 0 6085 502101
6085 506501 0 0 0 6085 502101
6085 506502 0 0 0 6085 502702
6085 506503 0 0 0 6085 502101
6085 506601 0 0 0 6085 502101
6085 506603 0 0 0 6085 502702
6085 506604 0 0 0 6085 502702
6085 506605 0 0 0 6085 502101
6085 506606 0 0 0 6085 502101
6085 506701 0 0 0 6085 502702
6085 506702 0 0 0 6085 502702
6085 506703 0 0 0 6085 502702
6085 506801 0 0 0 6085 502702
6085 506802 0 0 0 6085 502702
6085 506803 0 0 0 6085 502702
6085 506804 0 0 0 6085 502702
6085 506900 0 0 0 6085 502702
6085 507001 0 0 0 6085 502702
6085 507002 0 0 0 6085 502702
6085 507100 0 0 0 6085 502702
6085 507203 0 0 0 6085 502702
6085 507205 0 0 0 6085 502702
6085 507206 0 0 0 6085 502702
6085 507301 0 0 0 6085 502702
6085 507302 0 0 0 6085 502702
6085 507401 0 0 0 6085 508102
6085 507402 0 0 0 6085 508102
6085 507500 0 0 0 6085 508102
6085 507600 0 0 0 6085 508102
6085 507701 0 0 0 6085 508102
6085 507702 0 0 0 6085 508102
6085 507703 0 0 0 6085 509901
6085 507805 0 0 0 6085 508102
6085 507806 0 0 0 6085 508102
6085 507807 0 0 0 6085 508102
6085 507808 0 0 0 6085 508102
6085 507903 0 0 0 6085 508102
6085 507904 0 0 0 6085 508102
6085 507905 0 0 0 6085 508102
6085 507906 0 0 0 6085 508102
6085 508001 0 0 0 6085 508102
6085 508002 0 0 0 6085 508102
6085 508101 0 0 0 6085 508102
6085 508102 251 24 1 6085 508102
6085 508202 0 0 0 6085 508102
6085 508203 0 0 0 6085 508102
6085 508204 0 0 0 6085 508102
6085 508301 0 0 0 6085 509901
6085 508303 0 0 0 6085 508102
6085 508304 0 0 0 6085 508102
6085 508401 0 0 0 6085 509901
6085 508403 0 0 0 6085 509901
6085 508404 0 0 0 6085 509901
6085 508503 0 0 0 6085 508102
6085 508504 0 0 0 6085 508102
6085 508505 0 0 0 6085 508102
6085 508506 0 0 0 6085 508102
6085 508601 0 0 0 6085 509901
6085 508602 0 0 0 6085 509901
6085 508703 0 0 0 6085 508102
6085 508704 0 0 0 6085 508102
6085 508800 0 0 0 6085 509901
6085 508900 0 0 0 6085 508102
6085 509000 0 0 0 6085 509901
6085 509102 0 0 0 6085 509901
6085 509105 0 0 0 6085 509901
6085 509106 0 0 0 6085 509901
6085 509107 0 0 0 6085 509901
6085 509108 0 0 0 6085 509901
6085 509109 0 0 0 6085 509901
6085 509201 0 0 0 6085 509901
6085 509202 0 0 0 6085 509901
6085 509302 0 0 0 6085 509901
6085 509303 0 0 0 6085 509901
6085 509304 0 0 0 6085 509901
6085 509401 0 0 0 6085 509901
6085 509403 0 0 0 6085 509901
6085 509404 0 0 0 6085 509901
6085 509500 0 0 0 6085 509901
6085 509600 0 0 0 6085 509901
6085 509700 0 0 0 6085 509901
6085 509801 0 0 0 6085 509901
6085 509802 0 0 0 6085 509901
6085 509901 387 32 1 6085 509901
6085 509902 0 0 0 6085 509901
6085 510001 0 0 0 6085 509901
6085 510002 0 0 0 6085 509901
6085 510100 0 0 0 6085 509901
6085 510200 0 0 0 6085 509901
6085 510300 0 0 0 6085 509901
6085 510400 0 0 0 6085 509901
6085 510500 0 0 0 6085 509901
6085 510600 0 0 0 6085 511604
6085 510700 0 0 0 6085 511604
6085 510801 0 0 0 6085 511604
6085 510802 0 0 0 6085 509901
6085 510803 0 0 0 6085 511604
6085 510900 0 0 0 6085 511604
6085 511000 0 0 0 6085 511604
6085 511100 0 0 0 6085 511604
6085 511200 0 0 0 6085 511604
6085 511300 0 0 0 6085 511604
6085 511400 0 0 0 6085 511604
6085 511500 0 0 0 6085 511604
6085 511604 878 99 2 6085 511604
6085 511605 0 0 0 6085 511604
6085 511606 0 0 0 6085 511604
6085 511607 0 0 0 6085 511604
6085 511701 0 0 0 6085 509901
6085 511702 0 0 0 6085 509901
6085 511703 0 0 0 6085 509901
6085 511800 0 0 0 6085 502702
6085 511901 0 0 0 6085 502702
6085 511905 0 0 0 6085 512033
6085 511907 0 0 0 6085 512033
6085 511909 0 0 0 6085 512033
6085 511910 0 0 0 6085 512033
6085 511911 0 0 0 6085 512033
6085 511912 0 0 0 6085 512033
6085 511913 0 0 0 6085 502702
6085 511914 0 0 0 6085 502702
6085 512001 0 0 0 6085 512033
6085 512002 0 0 0 6085 512033
6085 512005 0 0 0 6085 502702
6085 512014 0 0 0 6085 512033
6085 512015 0 0 0 6085 512033
6085 512016 0 0 0 6085 512033
6085 512017 0 0 0 6085 512033
6085 512018 0 0 0 6085 512033
6085 512019 0 0 0 6085 512033
6085 512020 0 0 0 6085 512033
6085 512021 0 0 0 6085 512033
6085 512022 0 0 0 6085 512033
6085 512023 0 0 0 6085 512033
6085 512024 0 0 0 6085 512033
6085 512025 0 0 0 6085 512033
6085 512026 0 0 0 6085 512033
6085 512027 0 0 0 6085 512033
6085 512028 0 0 0 6085 512033
6085 512029 0 0 0 6085 512033
6085 512030 0 0 0 6085 512033
6085 512031 0 0 0 6085 512033
6085 512032 0 0 0 6085 512033
6085 512033 133 13 1 6085 512033
6085 512034 0 0 0 6085 512033
6085 512035 0 0 0 6085 512033
6085 512100 0 0 0 6085 512033
6085 512200 0 0 0 6085 512033
6085 512304 0 0 0 6085 512033
6085 512305 0 0 0 6085 512033
6085 512306 0 0 0 6085 512033
6085 512307 0 0 0 6085 512033
6085 512308 0 0 0 6085 512033
6085 512309 0 0 0 6085 512033
6085 512401 0 0 0 6085 512033
6085 512402 0 0 0 6085 512033
6085 512503 0 0 0 6085 512033
6085 512505 0 0 0 6085 512033
6085 512506 0 0 0 6085 512033
6085 512507 0 0 0 6085 512033
6085 512508 0 0 0 6085 512033
6085 512601 0 0 0 6085 512033
6085 512602 0 0 0 6085 512033
6085 512700 0 0 0 6085 512033
6095 250101 0 0 0 6095 251400
6095 250102 0 0 0 6095 251901
6095 250200 0 0 0 6095 251400
6095 250300 0 0 0 6095 251400
6095 250400 0 0 0 6095 251400
6095 250501 0 0 0 6095 251400
6095 250502 0 0 0 6095 251400
6095 250601 0 0 0 6095 251400
6095 250603 0 0 0 6095 251400
6095 250701 0 0 0 6095 251400
6095 250702 0 0 0 6095 251400
6095 250800 0 0 0 6095 251400
6095 250900 0 0 0 6095 251400
6095 251000 0 0 0 6095 251400
6095 251100 0 0 0 6095 251400
6095 251200 0 0 0 6095 251400
6095 251300 0 0 0 6095 251400
6095 251400 167 9 1 6095 251400
6095 251500 0 0 0 6095 251400
6095 251600 0 0 0 6095 251400
6095 251701 0 0 0 6095 251400
6095 251702 0 0 0 6095 251400
6095 251802 0 0 0 6095 251400
6095 251803 0 0 0 6095 251901
6095 251804 0 0 0 6095 251901
6095 251901 98 12 1 6095 251901
6095 251902 0 0 0 6095 251901
6095 251903 0 0 0 6095 251901
6095 252000 0 0 0 6013 318000
6095 252102 0 0 0 6013 318000
6095 252103 0 0 0 6095 251400
6095 252104 0 0 0 6095 251400
6095 252105 0 0 0 6095 251400
6095 252106 0 0 0 6013 318000
6095 252107 0 0 0 6013 318000
6095 252108 0 0 0 6013 318000
6095 252201 0 0 0 6095 252604
6095 252202 0 0 0 6095 251901
6095 252305 0 0 0 6095 252604
6095 252306 0 0 0 6095 252604
6095 252307 0 0 0 6095 252604
6095 252308 0 0 0 6095 252604
6095 252309 0 0 0 6095 252604
6095 252401 0 0 0 6095 252604
6095 252402 0 0 0 6095 252604
6095 252501 0 0 0 6095 252604
6095 252502 0 0 0 6095 252604
6095 252604 157 19 1 6095 252604
6095 252605 0 0 0 6095 252604
6095 252606 0 0 0 6095 252604
6095 252607 0 0 0 6095 252604
6095 252608 0 0 0 6095 252604
6095 252609 0 0 0 6095 252604
6095 252702 0 0 0 6095 252604
6095 252703 0 0 0 6095 252604
6095 252704 0 0 0 6095 252604
6095 252705 0 0 0 6095 252604
6095 252706 0 0 0 6095 252604
6095 252707 0 0 0 6095 252604
6095 252800 0 0 0 6095 252604
6095 252902 0 0 0 6095 252904
6095 252903 0 0 0 6095 252904
6095 252904 96 10 1 6095 252904
6095 252907 0 0 0 6095 252904
6095 252908 0 0 0 6095 252904
6095 252909 0 0 0 6095 252904
6095 252910 0 0 0 6095 252904
6095 253000 0 0 0 6095 252604
6095 253101 0 0 0 6095 252904
6095 253105 0 0 0 6095 252904
6095 253106 0 0 0 6095 252904
6095 253107 0 0 0 6095 252904
6095 253108 0 0 0 6095 252604
6095 253201 0 0 0 6095 252904
6095 253202 0 0 0 6095 252904
6095 253203 0 0 0 6095 252904
6095 253300 0 0 0 6095 252904
6095 253401 0 0 0 6095 252904
6095 253402 0 0 0 6095 252904
6095 253500 0 0 0 6095 252604
6097 150100 0 0 0 6097 150201
6097 150201 24 6 1 6097 150201
6097 150202 0 0 0 6097 150201
6097 150302 0 0 0 6097 150201
6097 150303 0 0 0 6097 150201
6097 150304 0 0 0 6097 150201
6097 150500 0 0 0 6097 150201
6097 150601 0 0 0 6097 150605
6097 150602 0 0 0 6097 150605
6097 150603 0 0 0 6097 150605
6097 150605 41 0 1 6097 150605
6097 150606 0 0 0 6097 150201
6097 150701 0 0 0 6097 150605
6097 150702 0 0 0 6097 150605
6097 150800 0 0 0 6097 150605
6097 150901 0 0 0 6097 150605
6097 150902 0 0 0 6097 150605
6097 151000 0 0 0 6097 150605
6097 151100 0 0 0 6097 150605
6097 151201 0 0 0 6097 150605
6097 151203 0 0 0 6097 150605
6097 151204 0 0 0 6097 150605
6097 151301 0 0 0 6097 150605
6097 151305 0 0 0 6097 150605
6097 151306 0 0 0 6097 150605
6097 151307 0 0 0 6097 151800
6097 151308 0 0 0 6097 151800
6097 151309 0 0 0 6097 150605
6097 151310 0 0 0 6097 150605
6097 151311 0 0 0 6097 150605
6097 151401 0 0 0 6097 151800
6097 151402 0 0 0 6097 151800
6097 151502 0 0 0 6097 151800
6097 151503 0 0 0 6097 151800
6097 151504 0 0 0 6097 151800
6097 151600 0 0 0 6097 151800
6097 151700 0 0 0 6097 151800
6097 151800 231 22 1 6097 151800
6097 151900 0 0 0 6097 151800
6097 152000 0 0 0 6097 151800
6097 152100 112 5 1 6097 152100
6097 152201 0 0 0 6097 152100
6097 152202 0 0 0 6097 151800
6097 152203 0 0 0 6097 151800
6097 152300 0 0 0 6097 152100
6097 152400 0 0 0 6097 152100
6097 152501 0 0 0 6097 151800
6097 152502 0 0 0 6097 151800
6097 152600 0 0 0 6097 151800
6097 152701 0 0 0 6097 152702
6097 152702 84 12 1 6097 152702
6097 152801 0 0 0 6097 152100
6097 152802 0 0 0 6097 152100
6097 152901 0 0 0 6097 152702
6097 152903 0 0 0 6097 152100
6097 152904 0 0 0 6097 152100
6097 153001 0 0 0 6097 152100
6097 153002 0 0 0 6097 152100
6097 153003 0 0 0 6097 152100
6097 153005 0 0 0 6097 152100
6097 153006 0 0 0 6097 152100
6097 153101 0 0 0 6097 152100
6097 153102 0 0 0 6097 151800
6097 153200 0 0 0 6097 151800
6097 153300 0 0 0 6097 152100
6097 153401 0 0 0 6097 152702
6097 153403 0 0 0 6097 152100
6097 153404 0 0 0 6097 152100
6097 153501 0 0 0 6097 151800
6097 153502 0 0 0 6097 152100
6097 153600 0 0 0 6097 152702
6097 153703 0 0 0 6097 152702
6097 153704 0 0 0 6097 153902
6097 153705 0 0 0 6097 152702
6097 153706 0 0 0 6097 152702
6097 153801 0 0 0 6097 152702
6097 153802 0 0 0 6097 152702
6097 153803 0 0 0 6097 152702
6097 153901 0 0 0 6097 153902
6097 153902 17 5 1 6097 153902
6097 153903 0 0 0 6097 153902
6097 154000 0 0 0 6097 153902
6097 154100 0 0 0 6097 153902
6097 154200 0 0 0 6097 153902
6097 154301 0 0 0 6097 153902
6097 154302 0 0 0 6097 152702
