# ExaEpi hospital-capacity data -- utilities/build_hospital_data.py
# source: HHS COVID-19 Hospital Capacity by Facility (anag-cw7u): staffed inpatient beds (beds) + staffed adult ICU beds (icu_beds)
# state=MA year=2020 level=tract week=2020-09-27
# columns: FIPS TRACT beds icu_beds n_hospitals hosp_FIPS hosp_TRACT
1613
25001 10100 0 0 0 25023 530500
25001 10206 0 0 0 25001 15300
25001 10208 0 0 0 25001 15300
25001 10304 0 0 0 25001 15300
25001 10306 0 0 0 25001 15300
25001 10400 0 0 0 25001 15300
25001 10500 0 0 0 25001 15300
25001 10600 0 0 0 25001 15300
25001 10700 0 0 0 25001 15300
25001 10800 0 0 0 25001 15300
25001 10900 0 0 0 25001 15300
25001 11002 0 0 0 25001 15300
25001 11100 0 0 0 25001 15300
25001 11200 0 0 0 25001 15300
25001 11300 0 0 0 25001 15300
25001 11400 0 0 0 25001 15300
25001 11500 0 0 0 25001 15300
25001 11600 0 0 0 25001 15300
25001 11700 0 0 0 25001 15300
25001 11801 0 0 0 25001 15300
25001 11802 0 0 0 25001 15300
25001 12001 0 0 0 25001 15300
25001 12002 0 0 0 25001 15300
25001 12101 0 0 0 25001 15300
25001 12102 0 0 0 25001 15300
25001 12200 0 0 0 25001 15300
25001 12502 0 0 0 25001 15300
25001 12601 0 0 0 25001 15300
25001 12602 0 0 0 25001 15300
25001 12700 0 0 0 25001 15300
25001 12800 0 0 0 25001 15300
25001 12900 0 0 0 25001 15300
25001 13002 0 0 0 25001 15300
25001 13100 0 0 0 25001 15300
25001 13200 0 0 0 25001 15300
25001 13300 0 0 0 25001 15300
25001 13400 0 0 0 25001 15300
25001 13500 0 0 0 25001 15300
25001 13600 0 0 0 25001 15300
25001 13700 0 0 0 25023 530500
25001 13800 0 0 0 25023 530500
25001 13900 0 0 0 25001 14900
25001 14002 0 0 0 25001 14900
25001 14100 0 0 0 25001 14900
25001 14300 0 0 0 25001 14900
25001 14402 0 0 0 25001 14900
25001 14500 0 0 0 25001 14900
25001 14600 0 0 0 25001 14900
25001 14700 0 0 0 25001 14900
25001 14800 0 0 0 25001 14900
25001 14900 106 15 1 25001 14900
25001 15001 0 0 0 25001 15300
25001 15002 0 0 0 25001 14900
25001 15100 0 0 0 25001 14900
25001 15200 0 0 0 25001 14900
25001 15300 310 34 1 25001 15300
25003 900100 0 0 0 25003 900200
25003 900200 362 20 1 25003 900200
25003 900300 0 0 0 25003 900200
25003 900400 0 0 0 25003 900200
25003 900500 0 0 0 25003 900200
25003 900600 0 0 0 25003 900200
25003 900700 0 0 0 25003 900200
25003 900800 0 0 0 25003 900200
25003 900900 0 0 0 25003 900200
25003 901100 0 0 0 25003 900200
25003 911100 0 0 0 25003 900200
25003 912100 0 0 0 25003 900200
25003 913100 0 0 0 25003 900200
25003 914100 0 0 0 25003 925102
25003 920101 0 0 0 25003 900200
25003 920102 0 0 0 25003 900200
25003 921300 0 0 0 25003 900200
25003 921400 0 0 0 25003 900200
25003 921500 0 0 0 25003 900200
25003 922100 0 0 0 25003 900200
25003 922200 0 0 0 25003 900200
25003 922300 0 0 0 25003 900200
25003 923100 0 0 0 25003 900200
25003 924100 0 0 0 25003 925102
25003 925101 0 0 0 25003 925102
25003 925102 28 4 1 25003 925102
25003 926100 0 0 0 25003 925102
25003 931100 0 0 0 25003 900200
25003 931300 0 0 0 25003 900200
25003 931400 0 0 0 25003 900200
25003 932200 0 0 0 25003 900200
25003 932300 0 0 0 25003 900200
25003 933200 0 0 0 25003 925102
25003 933300 0 0 0 25003 925102
25003 933400 0 0 0 25003 925102
25003 934200 0 0 0 25003 925102
25003 934300 0 0 0 25003 925102
25003 935100 0 0 0 25003 900200
25003 935200 0 0 0 25003 900200
25003 935300 0 0 0 25003 900200
25005 600100 0 0 0 25023 510503
25005 600202 0 0 0 25023 510503
25005 600203 0 0 0 25023 510503
25005 600204 0 0 0 25023 510503
25005 610100 0 0 0 25005 631600
25005 610202 0 0 0 25005 631600
25005 610203 0 0 0 25005 631600
25005 610204 0 0 0 25021 456101
25005 611101 0 0 0 25005 613800
25005 611102 0 0 0 25005 631600
25005 611201 0 0 0 25005 631600
25005 611202 0 0 0 25005 631600
25005 612100 0 0 0 25005 613800
25005 612201 0 0 0 25005 613800
25005 612202 0 0 0 25005 613800
25005 613100 0 0 0 25005 613800
25005 613300 0 0 0 25005 613800
25005 613400 0 0 0 25005 613800
25005 613600 0 0 0 25005 613800
25005 613700 0 0 0 25005 613800
25005 613800 99 8 1 25005 613800
25005 613901 0 0 0 25005 613800
25005 613902 0 0 0 25005 613800
25005 614000 0 0 0 25005 613800
25005 614101 0 0 0 25005 613800
25005 614102 0 0 0 25005 613800
25005 615100 0 0 0 25005 613800
25005 616100 0 0 0 25005 613800
25005 617101 0 0 0 25005 641800
25005 617102 0 0 0 25005 650101
25005 630101 0 0 0 25005 631600
25005 630102 0 0 0 25005 631600
25005 630201 0 0 0 25005 631600
25005 630202 0 0 0 25005 631600
25005 630301 0 0 0 25005 631600
25005 630302 0 0 0 25005 631600
25005 630400 0 0 0 25005 631600
25005 631101 0 0 0 25005 631600
25005 631102 0 0 0 25005 631600
25005 631200 0 0 0 25005 631600
25005 631300 0 0 0 25005 631600
25005 631400 0 0 0 25005 631600
25005 631500 0 0 0 25005 631600
25005 631600 160 16 1 25005 631600
25005 631700 0 0 0 25005 631600
25005 631800 0 0 0 25005 631600
25005 632100 0 0 0 25005 631600
25005 632200 0 0 0 25005 631600
25005 633100 0 0 0 25005 631600
25005 633200 0 0 0 25005 631600
25005 640100 0 0 0 25005 640500
25005 640201 0 0 0 25005 640500
25005 640202 0 0 0 25005 640500
25005 640300 0 0 0 25005 640500
25005 640400 0 0 0 25005 640500
25005 640500 189 12 1 25005 640500
25005 640600 0 0 0 25005 640500
25005 640700 0 0 0 25005 640500
25005 640800 0 0 0 25005 640500
25005 640901 0 0 0 25005 640500
25005 641000 0 0 0 25005 640500
25005 641101 0 0 0 25005 641800
25005 641200 0 0 0 25005 641800
25005 641300 0 0 0 25005 641800
25005 641400 0 0 0 25005 641800
25005 641500 0 0 0 25005 641800
25005 641600 0 0 0 25005 641800
25005 641700 0 0 0 25005 641800
25005 641800 745 68 1 25005 641800
25005 641900 0 0 0 25005 641800
25005 642000 0 0 0 25005 641800
25005 642100 0 0 0 25005 641800
25005 642200 0 0 0 25005 641800
25005 642300 0 0 0 25005 641800
25005 642400 0 0 0 25005 641800
25005 642500 0 0 0 25005 641800
25005 644101 0 0 0 25005 641800
25005 644102 0 0 0 25005 641800
25005 644200 0 0 0 25005 641800
25005 645101 0 0 0 25005 640500
25005 645102 0 0 0 25005 641800
25005 645103 0 0 0 25005 640500
25005 646101 0 0 0 25005 641800
25005 646103 0 0 0 25005 640500
25005 646104 0 0 0 25005 640500
25005 650101 90 0 1 25005 650101
25005 650102 0 0 0 25005 650101
25005 650201 0 0 0 25005 650101
25005 650202 0 0 0 25005 650101
25005 650300 0 0 0 25005 650101
25005 650400 0 0 0 25005 650101
25005 650500 0 0 0 25005 650101
25005 650600 0 0 0 25005 650101
25005 650700 0 0 0 25005 650101
25005 650800 0 0 0 25005 650101
25005 650900 0 0 0 25005 650101
25005 651001 0 0 0 25005 650101
25005 651002 0 0 0 25005 650101
25005 651100 0 0 0 25005 650101
25005 651200 0 0 0 25005 650101
25005 651300 0 0 0 25005 650101
25005 651400 0 0 0 25005 650101
25005 651500 0 0 0 25005 650101
25005 651600 0 0 0 25005 650101
25005 651700 0 0 0 25005 650101
25005 651800 0 0 0 25005 650101
25005 651900 0 0 0 25005 650101
25005 652000 0 0 0 25005 650101
25005 652100 0 0 0 25005 650101
25005 652200 0 0 0 25005 650101
25005 652300 0 0 0 25005 650101
25005 652400 0 0 0 25005 650101
25005 652500 0 0 0 25005 650101
25005 652600 0 0 0 25005 650101
25005 652700 0 0 0 25005 650101
25005 652800 0 0 0 25005 650101
25005 653101 0 0 0 25005 650101
25005 653102 0 0 0 25005 650101
25005 653203 0 0 0 25005 650101
25005 653204 0 0 0 25005 650101
25005 653301 0 0 0 25005 650101
25005 653304 0 0 0 25005 650101
25005 654100 0 0 0 25005 650101
25005 654200 0 0 0 25005 650101
25005 655100 0 0 0 25005 650101
25005 655200 0 0 0 25005 650101
25005 655300 0 0 0 25005 650101
25005 655400 0 0 0 25005 650101
25005 985500 0 0 0 25005 650101
25005 985600 0 0 0 25023 510503
25007 200100 0 0 0 25007 200200
25007 200200 28 6 1 25007 200200
25007 200300 0 0 0 25007 200200
25007 200400 0 0 0 25007 200200
25009 201100 0 0 0 25009 204701
25009 202101 0 0 0 25009 204701
25009 202103 0 0 0 25009 204701
25009 202104 0 0 0 25009 204701
25009 202200 0 0 0 25009 204701
25009 203100 0 0 0 25009 204701
25009 203200 0 0 0 25009 204701
25009 203301 0 0 0 25009 204701
25009 203302 0 0 0 25009 204701
25009 204101 0 0 0 25009 204701
25009 204102 0 0 0 25009 204701
25009 204200 0 0 0 25009 204701
25009 204300 0 0 0 25009 204701
25009 204400 0 0 0 25009 204701
25009 204500 0 0 0 25009 204701
25009 204600 0 0 0 25009 204701
25009 204701 403 25 1 25009 204701
25009 204702 0 0 0 25009 204701
25009 205100 0 0 0 25009 204701
25009 205200 0 0 0 25009 204701
25009 205300 0 0 0 25009 204701
25009 205400 0 0 0 25009 204701
25009 205500 0 0 0 25009 204701
25009 205600 0 0 0 25017 336202
25009 205700 0 0 0 25009 204701
25009 205800 0 0 0 25009 204701
25009 205900 0 0 0 25009 204701
25009 206000 0 0 0 25009 204701
25009 206100 0 0 0 25009 204701
25009 206200 0 0 0 25009 204701
25009 206300 0 0 0 25009 204701
25009 206400 0 0 0 25009 204701
25009 206500 0 0 0 25009 204701
25009 206600 0 0 0 25009 204701
25009 206700 0 0 0 25009 204701
25009 206800 0 0 0 25009 204701
25009 206900 0 0 0 25009 204701
25009 207000 0 0 0 25009 204701
25009 207100 0 0 0 25009 204701
25009 207200 0 0 0 25009 204701
25009 208101 0 0 0 25017 336202
25009 208102 0 0 0 25017 336202
25009 208200 0 0 0 25017 336202
25009 208301 0 0 0 25017 336202
25009 208302 0 0 0 25017 336202
25009 208401 0 0 0 25017 336202
25009 208402 0 0 0 25017 336202
25009 209100 0 0 0 25017 336202
25009 209200 0 0 0 25017 336202
25009 210100 0 0 0 25009 204701
25009 210200 0 0 0 25009 204701
25009 210301 0 0 0 25009 204701
25009 210302 0 0 0 25009 204701
25009 210401 0 0 0 25009 204701
25009 210402 0 0 0 25009 204701
25009 210500 0 0 0 25009 204701
25009 210600 0 0 0 25009 204701
25009 210700 0 0 0 25009 204701
25009 210800 0 0 0 25009 204701
25009 210900 0 0 0 25009 204701
25009 211100 0 0 0 25009 217101
25009 211201 0 0 0 25009 217101
25009 211202 0 0 0 25009 217101
25009 211300 0 0 0 25009 217101
25009 211401 0 0 0 25009 217101
25009 211402 0 0 0 25009 217101
25009 212101 0 0 0 25009 217101
25009 212102 0 0 0 25009 217101
25009 213100 0 0 0 25009 250700
25009 214100 0 0 0 25009 217101
25009 215101 0 0 0 25009 217101
25009 215102 0 0 0 25009 217101
25009 216100 0 0 0 25009 217101
25009 217101 233 19 1 25009 217101
25009 217102 0 0 0 25009 217101
25009 217201 0 0 0 25009 217101
25009 217202 0 0 0 25009 217101
25009 217300 0 0 0 25009 217101
25009 217401 0 0 0 25009 217101
25009 217402 0 0 0 25009 217101
25009 217500 0 0 0 25009 217101
25009 217601 0 0 0 25009 217101
25009 217602 0 0 0 25009 217101
25009 218100 0 0 0 25009 217101
25009 220101 0 0 0 25009 217101
25009 220102 0 0 0 25009 217101
25009 221100 0 0 0 25009 217101
25009 221300 0 0 0 25009 217101
25009 221400 0 0 0 25009 217101
25009 221500 0 0 0 25009 217101
25009 221600 0 0 0 25009 217101
25009 221700 0 0 0 25009 217101
25009 221800 0 0 0 25009 217101
25009 221901 0 0 0 25009 217101
25009 221902 0 0 0 25009 217101
25009 222100 0 0 0 25009 217101
25009 223100 0 0 0 25009 217101
25009 223200 0 0 0 25009 217101
25009 223300 0 0 0 25009 217101
25009 250100 0 0 0 25009 250700
25009 250200 0 0 0 25009 250700
25009 250300 0 0 0 25009 250700
25009 250400 0 0 0 25009 250700
25009 250500 0 0 0 25009 250700
25009 250600 0 0 0 25009 250700
25009 250700 184 19 1 25009 250700
25009 250800 0 0 0 25009 250700
25009 250900 0 0 0 25009 250700
25009 251000 0 0 0 25009 250700
25009 251100 0 0 0 25009 250700
25009 251200 0 0 0 25009 250700
25009 251300 0 0 0 25009 250700
25009 251400 0 0 0 25009 250700
25009 251500 0 0 0 25009 250700
25009 251600 0 0 0 25009 250700
25009 251700 0 0 0 25009 250700
25009 251800 0 0 0 25009 250700
25009 252101 0 0 0 25009 250700
25009 252102 0 0 0 25009 250700
25009 252201 0 0 0 25009 252502
25009 252202 0 0 0 25009 252502
25009 252300 0 0 0 25009 252502
25009 252400 0 0 0 25009 252502
25009 252501 0 0 0 25009 250700
25009 252502 183 12 1 25009 252502
25009 252601 0 0 0 25009 252502
25009 252602 0 0 0 25009 252502
25009 252603 0 0 0 25009 252502
25009 253100 0 0 0 25009 250700
25009 253201 0 0 0 25009 250700
25009 253202 0 0 0 25009 250700
25009 253203 0 0 0 25009 250700
25009 253204 0 0 0 25009 250700
25009 253205 0 0 0 25009 250700
25009 254100 0 0 0 25009 250700
25009 254200 0 0 0 25009 250700
25009 254301 0 0 0 25017 315401
25009 254302 0 0 0 25017 315401
25009 254401 0 0 0 25009 250700
25009 254402 0 0 0 25017 315401
25009 254403 0 0 0 25017 315401
25009 260100 0 0 0 25009 252502
25009 260200 0 0 0 25009 252502
25009 260301 0 0 0 25009 252502
25009 260302 0 0 0 25009 268200
25009 260401 0 0 0 25009 252502
25009 260402 0 0 0 25009 252502
25009 260500 0 0 0 25009 252502
25009 260600 0 0 0 25009 252502
25009 260700 0 0 0 25009 252502
25009 260800 0 0 0 25009 252502
25009 260900 0 0 0 25009 252502
25009 261000 0 0 0 25009 252502
25009 261101 0 0 0 25009 252502
25009 261102 0 0 0 25009 252502
25009 262100 0 0 0 25009 268200
25009 263100 0 0 0 25009 268200
25009 264100 0 0 0 25009 268200
25009 265101 0 0 0 25009 250700
25009 265102 0 0 0 25009 268200
25009 266100 0 0 0 25009 268200
25009 266200 0 0 0 25009 268200
25009 266300 0 0 0 25009 268200
25009 266400 0 0 0 25009 268200
25009 267102 0 0 0 25009 268200
25009 267103 0 0 0 25009 268200
25009 267104 0 0 0 25009 268200
25009 268100 0 0 0 25009 268200
25009 268200 101 12 1 25009 268200
25009 268300 0 0 0 25009 268200
25009 268400 0 0 0 25009 268200
25009 269100 0 0 0 25009 268200
25009 270100 0 0 0 25009 268200
25011 40100 0 0 0 25011 41301
25011 40200 0 0 0 25011 41301
25011 40300 0 0 0 25011 41301
25011 40400 0 0 0 25027 703300
25011 40501 0 0 0 25027 703300
25011 40502 0 0 0 25027 703300
25011 40600 0 0 0 25027 703300
25011 40701 0 0 0 25011 41301
25011 40702 0 0 0 25011 41301
25011 40800 0 0 0 25015 821602
25011 40900 0 0 0 25011 41301
25011 41000 0 0 0 25011 41301
25011 41100 0 0 0 25011 41301
25011 41200 0 0 0 25011 41301
25011 41301 154 26 1 25011 41301
25011 41302 0 0 0 25011 41301
25011 41400 0 0 0 25011 41301
25011 41501 0 0 0 25011 41301
25011 41502 0 0 0 25011 41301
25013 800101 0 0 0 25013 800900
25013 800102 0 0 0 25013 800900
25013 800201 0 0 0 25013 800900
25013 800202 0 0 0 25013 800900
25013 800300 0 0 0 25013 800500
25013 800400 0 0 0 25013 800500
25013 800500 965 167 2 25013 800500
25013 800600 0 0 0 25013 800500
25013 800700 0 0 0 25013 800500
25013 800800 0 0 0 25013 800900
25013 800900 487 32 1 25013 800900
25013 801101 0 0 0 25013 800900
25013 801102 0 0 0 25013 800900
25013 801200 0 0 0 25013 800900
25013 801300 0 0 0 25013 800900
25013 801401 0 0 0 25013 800900
25013 801402 0 0 0 25013 800900
25013 801501 0 0 0 25013 800900
25013 801502 0 0 0 25013 800900
25013 801503 0 0 0 25013 800900
25013 801601 0 0 0 25013 800900
25013 801602 0 0 0 25013 800900
25013 801603 0 0 0 25013 800900
25013 801604 0 0 0 25013 800900
25013 801605 0 0 0 25013 800900
25013 801700 0 0 0 25013 800900
25013 801800 0 0 0 25013 800900
25013 801901 0 0 0 25013 800900
25013 801902 0 0 0 25013 800900
25013 802000 0 0 0 25013 800900
25013 802101 0 0 0 25013 800900
25013 802200 0 0 0 25013 800900
25013 802300 0 0 0 25013 800900
25013 802400 0 0 0 25013 800900
25013 802500 0 0 0 25013 800900
25013 802601 0 0 0 25013 800900
25013 802602 0 0 0 25013 800900
25013 810100 68 0 1 25013 810100
25013 810200 0 0 0 25013 810100
25013 810300 0 0 0 25013 810100
25013 810403 0 0 0 25013 800900
25013 810404 0 0 0 25013 800900
25013 810412 0 0 0 25013 800900
25013 810414 0 0 0 25013 810100
25013 810601 0 0 0 25013 800500
25013 810602 0 0 0 25013 800500
25013 810700 0 0 0 25013 800500
25013 810800 0 0 0 25013 800500
25013 810901 0 0 0 25013 800500
25013 810902 0 0 0 25013 800500
25013 811000 0 0 0 25013 800500
25013 811101 0 0 0 25013 812002
25013 811102 0 0 0 25013 800500
25013 811200 0 0 0 25013 812002
25013 811301 0 0 0 25013 812002
25013 811302 0 0 0 25013 812002
25013 811400 0 0 0 25013 812002
25013 811500 0 0 0 25013 812002
25013 811600 0 0 0 25013 812002
25013 811700 0 0 0 25013 812002
25013 811800 0 0 0 25013 812002
25013 811900 0 0 0 25013 812002
25013 812001 0 0 0 25013 812002
25013 812002 130 18 1 25013 812002
25013 812101 0 0 0 25013 812002
25013 812103 0 0 0 25013 812002
25013 812104 0 0 0 25013 812002
25013 812201 0 0 0 25013 800500
25013 812202 0 0 0 25013 800500
25013 812300 0 0 0 25013 800900
25013 812401 0 0 0 25013 800500
25013 812403 0 0 0 25013 800500
25013 812404 0 0 0 25013 800500
25013 812500 0 0 0 25013 812701
25013 812600 0 0 0 25013 812701
25013 812701 42 0 1 25013 812701
25013 812702 0 0 0 25013 812701
25013 812800 0 0 0 25013 812701
25013 812901 0 0 0 25013 812701
25013 812902 0 0 0 25013 812701
25013 812903 0 0 0 25013 812701
25013 813001 0 0 0 25013 812701
25013 813002 0 0 0 25013 812701
25013 813101 0 0 0 25013 812701
25013 813102 0 0 0 25013 812701
25013 813204 0 0 0 25013 812701
25013 813205 0 0 0 25013 800900
25013 813206 0 0 0 25013 800900
25013 813207 0 0 0 25013 800900
25013 813208 0 0 0 25013 800900
25013 813209 0 0 0 25013 800900
25013 813301 0 0 0 25013 800900
25013 813303 0 0 0 25013 800900
25013 813304 0 0 0 25013 800900
25013 813401 0 0 0 25013 800900
25013 813403 0 0 0 25013 800900
25013 813404 0 0 0 25013 800900
25013 813500 0 0 0 25013 800900
25013 813601 0 0 0 25013 800900
25013 813602 0 0 0 25013 800900
25013 813701 0 0 0 25013 810100
25013 813702 0 0 0 25013 810100
25013 813801 0 0 0 25027 757300
25013 813802 0 0 0 25013 810100
25015 820101 0 0 0 25013 810100
25015 820102 0 0 0 25013 810100
25015 820205 0 0 0 25013 810100
25015 820206 0 0 0 25013 810100
25015 820207 0 0 0 25013 810100
25015 820300 0 0 0 25015 821602
25015 820400 0 0 0 25015 821602
25015 820500 0 0 0 25015 821602
25015 820600 0 0 0 25015 821602
25015 820700 0 0 0 25015 821602
25015 820801 0 0 0 25015 821602
25015 820802 0 0 0 25015 821602
25015 820900 0 0 0 25013 812002
25015 821000 0 0 0 25013 812002
25015 821101 0 0 0 25013 812002
25015 821200 0 0 0 25013 812002
25015 821300 0 0 0 25013 812002
25015 821400 0 0 0 25015 821602
25015 821500 0 0 0 25015 821602
25015 821601 0 0 0 25015 821602
25015 821602 150 19 1 25015 821602
25015 821700 0 0 0 25015 821602
25015 821901 0 0 0 25015 821602
25015 821903 0 0 0 25015 821602
25015 821904 0 0 0 25015 821602
25015 822000 0 0 0 25015 821602
25015 822200 0 0 0 25015 821602
25015 822300 0 0 0 25013 812002
25015 822401 0 0 0 25013 812002
25015 822402 0 0 0 25015 821602
25015 822500 0 0 0 25013 812002
25015 822601 0 0 0 25015 821602
25015 822603 0 0 0 25015 821602
25015 822607 0 0 0 25015 821602
25015 822700 0 0 0 25003 900200
25017 300100 0 0 0 25027 707500
25017 301101 0 0 0 25017 325102
25017 301102 0 0 0 25027 709702
25017 310101 0 0 0 25017 310602
25017 310102 0 0 0 25017 310602
25017 310200 0 0 0 25017 310602
25017 310300 0 0 0 25017 310602
25017 310400 0 0 0 25017 310602
25017 310500 0 0 0 25017 310602
25017 310601 0 0 0 25017 310602
25017 310602 293 53 1 25017 310602
25017 310700 0 0 0 25017 310602
25017 311100 0 0 0 25017 310602
25017 311200 0 0 0 25017 310602
25017 311300 0 0 0 25017 310602
25017 311400 0 0 0 25017 310602
25017 311500 0 0 0 25017 310602
25017 311600 0 0 0 25017 310602
25017 311700 0 0 0 25017 310602
25017 311800 0 0 0 25017 310602
25017 311900 0 0 0 25017 310602
25017 312000 0 0 0 25017 310602
25017 312100 0 0 0 25017 310602
25017 312200 0 0 0 25017 310602
25017 312300 0 0 0 25017 310602
25017 312400 0 0 0 25017 310602
25017 312501 0 0 0 25017 310602
25017 312502 0 0 0 25017 310602
25017 313101 0 0 0 25017 310602
25017 313102 0 0 0 25017 310602
25017 314101 0 0 0 25017 310602
25017 314102 0 0 0 25017 310602
25017 314200 0 0 0 25017 310602
25017 314301 0 0 0 25017 310602
25017 314302 0 0 0 25017 310602
25017 315100 0 0 0 25017 315401
25017 315200 0 0 0 25017 315401
25017 315401 354 0 1 25017 315401
25017 315402 0 0 0 25017 315401
25017 315403 0 0 0 25017 315401
25017 315500 0 0 0 25017 315401
25017 316101 0 0 0 25017 315401
25017 316102 0 0 0 25017 315401
25017 316201 0 0 0 25017 332401
25017 316202 0 0 0 25017 332401
25017 316300 0 0 0 25017 332401
25017 316400 0 0 0 25017 315401
25017 316500 0 0 0 25017 315401
25017 317101 0 0 0 25017 310602
25017 317102 0 0 0 25017 310602
25017 317103 0 0 0 25017 310602
25017 317201 0 0 0 25017 310602
25017 317202 0 0 0 25017 310602
25017 317203 0 0 0 25017 310602
25017 317301 0 0 0 25017 310602
25017 317302 0 0 0 25017 310602
25017 318100 0 0 0 25017 310602
25017 318200 0 0 0 25017 325102
25017 318300 0 0 0 25017 310602
25017 318400 0 0 0 25017 310602
25017 320102 0 0 0 25027 761200
25017 320105 0 0 0 25027 761200
25017 320106 0 0 0 25027 744400
25017 320107 0 0 0 25017 383401
25017 321100 0 0 0 25017 321500
25017 321200 0 0 0 25017 321500
25017 321301 0 0 0 25017 321500
25017 321302 0 0 0 25017 321500
25017 321400 0 0 0 25017 321500
25017 321500 84 15 1 25017 321500
25017 321600 0 0 0 25017 321500
25017 322100 0 0 0 25017 321500
25017 322200 0 0 0 25017 321500
25017 322300 0 0 0 25017 321500
25017 322400 0 0 0 25017 321500
25017 323101 0 0 0 25017 321500
25017 323102 0 0 0 25017 321500
25017 324101 0 0 0 25017 325102
25017 324102 0 0 0 25017 325102
25017 325101 0 0 0 25017 325102
25017 325102 35 4 1 25017 325102
25017 326101 0 0 0 25017 325102
25017 326102 0 0 0 25017 325102
25017 327101 0 0 0 25017 325102
25017 327102 0 0 0 25017 325102
25017 327103 0 0 0 25017 325102
25017 328100 0 0 0 25017 310602
25017 330101 0 0 0 25017 315401
25017 330102 0 0 0 25017 315401
25017 330201 0 0 0 25017 315401
25017 330202 0 0 0 25017 315401
25017 331101 0 0 0 25017 315401
25017 331102 0 0 0 25017 315401
25017 331200 0 0 0 25017 315401
25017 331300 0 0 0 25017 332401
25017 332100 0 0 0 25017 332401
25017 332201 0 0 0 25017 332401
25017 332202 0 0 0 25017 332401
25017 332300 0 0 0 25017 332401
25017 332401 444 65 1 25017 332401
25017 332402 0 0 0 25017 332401
25017 333100 0 0 0 25017 332401
25017 333200 0 0 0 25017 332401
25017 333300 0 0 0 25017 338100
25017 333400 0 0 0 25017 338100
25017 333501 0 0 0 25017 338100
25017 333502 0 0 0 25017 338100
25017 333601 0 0 0 25017 338100
25017 333602 0 0 0 25017 332401
25017 334100 0 0 0 25017 338100
25017 334200 0 0 0 25017 338100
25017 334300 0 0 0 25017 338100
25017 334400 0 0 0 25017 338100
25017 335100 0 0 0 25017 336202
25017 335200 0 0 0 25017 338100
25017 335301 0 0 0 25017 336202
25017 335302 0 0 0 25017 336202
25017 335400 0 0 0 25017 336202
25017 336100 0 0 0 25017 336202
25017 336201 0 0 0 25017 336202
25017 336202 148 8 1 25017 336202
25017 336300 0 0 0 25017 336202
25017 336402 0 0 0 25017 336202
25017 336403 0 0 0 25017 336202
25017 336404 0 0 0 25017 336202
25017 337101 0 0 0 25017 338100
25017 337102 0 0 0 25017 338100
25017 337201 0 0 0 25017 338100
25017 337202 0 0 0 25017 338100
25017 337300 0 0 0 25017 338100
25017 338100 198 13 1 25017 338100
25017 338200 0 0 0 25017 338100
25017 338300 0 0 0 25017 338100
25017 338400 0 0 0 25017 338100
25017 338500 0 0 0 25017 338100
25017 339101 0 0 0 25017 353700
25017 339102 0 0 0 25017 338100
25017 339200 0 0 0 25017 338100
25017 339300 0 0 0 25017 354200
25017 339400 0 0 0 25017 353700
25017 339500 0 0 0 25017 353700
25017 339600 0 0 0 25017 353700
25017 339700 0 0 0 25017 353700
25017 339802 0 0 0 25017 352900
25017 339803 0 0 0 25017 352900
25017 339804 0 0 0 25017 352900
25017 339900 0 0 0 25017 353700
25017 340000 0 0 0 25017 338100
25017 340100 0 0 0 25017 338100
25017 341101 0 0 0 25017 336202
25017 341102 0 0 0 25017 336202
25017 341200 0 0 0 25017 336202
25017 341301 0 0 0 25017 336202
25017 341302 0 0 0 25017 336202
25017 341400 0 0 0 25017 336202
25017 341500 0 0 0 25017 336202
25017 341600 0 0 0 25017 336202
25017 341700 0 0 0 25017 336202
25017 341800 0 0 0 25017 336202
25017 341901 0 0 0 25017 336202
25017 341903 0 0 0 25017 336202
25017 341904 0 0 0 25017 336202
25017 342101 0 0 0 25017 336202
25017 342102 0 0 0 25017 336202
25017 342201 0 0 0 25017 336202
25017 342202 0 0 0 25017 336202
25017 342301 0 0 0 25017 336202
25017 342302 0 0 0 25025 20301
25017 342401 0 0 0 25025 20301
25017 342402 0 0 0 25025 20301
25017 342501 0 0 0 25025 20301
25017 342502 0 0 0 25025 20301
25017 342600 0 0 0 25025 20301
25017 350105 0 0 0 25017 352900
25017 350106 0 0 0 25017 352900
25017 350107 0 0 0 25017 352900
25017 350108 0 0 0 25017 352900
25017 350109 0 0 0 25017 352900
25017 350201 0 0 0 25017 352900
25017 350202 0 0 0 25017 352900
25017 350300 0 0 0 25017 353700
25017 350400 0 0 0 25017 353700
25017 350500 0 0 0 25017 353700
25017 350600 0 0 0 25017 353700
25017 350701 0 0 0 25017 354200
25017 350702 0 0 0 25017 354200
25017 350800 0 0 0 25017 354200
25017 350900 0 0 0 25017 353700
25017 351001 0 0 0 25017 353700
25017 351002 0 0 0 25017 353700
25017 351101 0 0 0 25017 353700
25017 351102 0 0 0 25017 353700
25017 351203 0 0 0 25017 352900
25017 351204 0 0 0 25017 353700
25017 351300 0 0 0 25017 352900
25017 351403 0 0 0 25017 352900
25017 351404 0 0 0 25017 352900
25017 351500 0 0 0 25017 352900
25017 352101 0 0 0 25025 20301
25017 352102 0 0 0 25025 20301
25017 352200 0 0 0 25017 352900
25017 352300 0 0 0 25025 20301
25017 352400 0 0 0 25017 352900
25017 352500 0 0 0 25017 352900
25017 352600 0 0 0 25017 352900
25017 352700 0 0 0 25017 352900
25017 352800 0 0 0 25017 352900
25017 352900 229 20 1 25017 352900
25017 353000 0 0 0 25017 352900
25017 353101 0 0 0 25017 352900
25017 353102 0 0 0 25017 352900
25017 353200 0 0 0 25017 352900
25017 353300 0 0 0 25017 352900
25017 353600 0 0 0 25017 353700
25017 353700 120 0 1 25017 353700
25017 353800 0 0 0 25017 353700
25017 353900 0 0 0 25017 353700
25017 354000 0 0 0 25017 353700
25017 354100 0 0 0 25017 354200
25017 354200 209 25 1 25017 354200
25017 354300 0 0 0 25017 354200
25017 354400 0 0 0 25017 354200
25017 354500 0 0 0 25017 354200
25017 354601 0 0 0 25017 354200
25017 354602 0 0 0 25017 354200
25017 354700 0 0 0 25017 353700
25017 354800 0 0 0 25017 354200
25017 354901 0 0 0 25017 354200
25017 354902 0 0 0 25017 354200
25017 355000 0 0 0 25017 354200
25017 356100 0 0 0 25017 354200
25017 356300 0 0 0 25017 354200
25017 356400 0 0 0 25017 338100
25017 356500 0 0 0 25017 354200
25017 356601 0 0 0 25017 354200
25017 356602 0 0 0 25017 354200
25017 356701 0 0 0 25017 354200
25017 356703 0 0 0 25017 354200
25017 356704 0 0 0 25017 354200
25017 357100 0 0 0 25017 354200
25017 357200 0 0 0 25017 354200
25017 357300 0 0 0 25017 354200
25017 357400 0 0 0 25017 354200
25017 357500 0 0 0 25017 354200
25017 357600 0 0 0 25017 354200
25017 357700 0 0 0 25017 354200
25017 357800 0 0 0 25017 354200
25017 358100 0 0 0 25017 332401
25017 358300 0 0 0 25017 332401
25017 358400 0 0 0 25017 332401
25017 358500 0 0 0 25017 332401
25017 358600 0 0 0 25017 332401
25017 358700 0 0 0 25017 332401
25017 359100 0 0 0 25017 332401
25017 359301 0 0 0 25017 361100
25017 359302 0 0 0 25017 361100
25017 359303 0 0 0 25017 332401
25017 359400 0 0 0 25017 353700
25017 360300 0 0 0 25017 361100
25017 361100 215 20 1 25017 361100
25017 361200 0 0 0 25017 361100
25017 361300 0 0 0 25017 361100
25017 362100 0 0 0 25017 361100
25017 363103 0 0 0 25017 361100
25017 363104 0 0 0 25017 361100
25017 363105 0 0 0 25017 361100
25017 363106 0 0 0 25017 361100
25017 363201 0 0 0 25017 361100
25017 363202 0 0 0 25017 361100
25017 364101 0 0 0 25017 361100
25017 364102 0 0 0 25017 361100
25017 365100 0 0 0 25017 361100
25017 365201 0 0 0 25017 361100
25017 365202 0 0 0 25017 383401
25017 366100 0 0 0 25017 383401
25017 366201 0 0 0 25017 361100
25017 366202 0 0 0 25017 383401
25017 367100 0 0 0 25017 374300
25017 367200 0 0 0 25017 374300
25017 368101 0 0 0 25017 332401
25017 368102 0 0 0 25017 374300
25017 368200 0 0 0 25017 374300
25017 368300 0 0 0 25017 374300
25017 368400 0 0 0 25017 374300
25017 368500 0 0 0 25017 374300
25017 368600 0 0 0 25017 374300
25017 368700 0 0 0 25017 374300
25017 368800 0 0 0 25017 374300
25017 368901 0 0 0 25017 354200
25017 368902 0 0 0 25017 374300
25017 369000 0 0 0 25017 354200
25017 369100 0 0 0 25017 354200
25017 370101 0 0 0 25017 354200
25017 370103 0 0 0 25017 354200
25017 370104 0 0 0 25025 603
25017 370201 0 0 0 25017 354200
25017 370202 0 0 0 25017 354200
25017 370301 0 0 0 25017 354200
25017 370302 0 0 0 25017 354200
25017 370401 0 0 0 25017 354200
25017 370402 0 0 0 25025 603
25017 370403 0 0 0 25025 603
25017 373100 0 0 0 25025 603
25017 373200 0 0 0 25025 603
25017 373300 0 0 0 25017 374300
25017 373400 0 0 0 25017 374300
25017 373500 0 0 0 25025 603
25017 373600 0 0 0 25025 603
25017 373700 0 0 0 25017 374300
25017 373800 0 0 0 25017 374300
25017 373901 0 0 0 25025 120105
25017 373902 0 0 0 25017 374300
25017 374000 0 0 0 25017 374300
25017 374100 0 0 0 25017 374300
25017 374200 0 0 0 25017 374300
25017 374300 363 16 1 25017 374300
25017 374400 0 0 0 25017 374300
25017 374500 0 0 0 25017 374300
25017 374600 0 0 0 25017 374300
25017 374700 0 0 0 25017 374300
25017 374800 0 0 0 25017 374300
25017 382100 0 0 0 25017 383401
25017 382200 0 0 0 25017 383401
25017 382300 0 0 0 25021 403300
25017 382400 0 0 0 25017 383401
25017 382500 0 0 0 25017 383401
25017 382601 0 0 0 25017 383401
25017 382602 0 0 0 25017 383401
25017 383101 0 0 0 25017 383401
25017 383102 0 0 0 25017 383401
25017 383200 0 0 0 25017 383401
25017 383300 0 0 0 25017 383401
25017 383401 260 29 1 25017 383401
25017 383402 0 0 0 25017 383401
25017 383501 0 0 0 25017 383401
25017 383502 0 0 0 25017 383401
25017 383600 0 0 0 25017 383401
25017 383700 0 0 0 25017 383401
25017 383800 0 0 0 25017 383401
25017 383902 0 0 0 25017 383401
25017 383903 0 0 0 25017 383401
25017 383904 0 0 0 25017 383401
25017 384003 0 0 0 25017 383401
25017 384004 0 0 0 25017 383401
25017 385101 0 0 0 25017 383401
25017 385102 0 0 0 25017 383401
25017 385201 0 0 0 25017 383401
25017 385203 0 0 0 25017 383401
25017 385204 0 0 0 25017 383401
25017 386100 0 0 0 25017 383401
25017 387100 0 0 0 25027 744400
25017 387201 0 0 0 25017 383401
25017 387202 0 0 0 25027 744400
25017 388100 0 0 0 25017 325102
25017 388200 0 0 0 25017 325102
25017 388300 0 0 0 25017 310602
25017 980000 0 0 0 25017 321500
25019 950100 30 0 1 25019 950100
25019 950201 0 0 0 25019 950100
25019 950202 0 0 0 25019 950100
25019 950307 0 0 0 25019 950100
25019 950400 0 0 0 25019 950100
25019 950500 0 0 0 25019 950100
25021 400100 0 0 0 25025 10300
25021 400201 0 0 0 25025 81001
25021 400202 0 0 0 25025 604
25021 400300 0 0 0 25025 604
25021 400401 0 0 0 25025 604
25021 400402 0 0 0 25025 603
25021 400500 0 0 0 25025 603
25021 400600 0 0 0 25025 603
25021 400700 0 0 0 25025 81001
25021 400800 0 0 0 25025 81001
25021 400900 0 0 0 25025 81001
25021 401000 0 0 0 25025 81102
25021 401100 0 0 0 25025 120105
25021 401201 0 0 0 25025 120105
25021 401202 0 0 0 25025 120105
25021 402101 0 0 0 25021 403300
25021 402102 0 0 0 25021 416101
25021 402200 0 0 0 25021 416101
25021 402300 0 0 0 25021 416101
25021 402400 0 0 0 25021 403300
25021 402500 0 0 0 25021 403300
25021 403100 0 0 0 25021 403300
25021 403300 89 9 1 25021 403300
25021 403400 0 0 0 25021 403300
25021 403501 0 0 0 25017 374300
25021 403502 0 0 0 25017 374300
25021 404100 0 0 0 25017 374300
25021 404201 0 0 0 25017 374300
25021 404202 0 0 0 25017 374300
25021 404301 0 0 0 25017 374300
25021 404302 0 0 0 25021 403300
25021 404400 0 0 0 25021 403300
25021 405100 0 0 0 25021 403300
25021 406101 0 0 0 25021 403300
25021 406102 0 0 0 25021 403300
25021 407101 0 0 0 25017 383401
25021 407102 0 0 0 25027 744400
25021 408102 0 0 0 25027 744400
25021 408103 0 0 0 25027 744400
25021 408104 0 0 0 25027 744400
25021 409101 0 0 0 25021 403300
25021 409102 0 0 0 25027 744400
25021 410100 0 0 0 25005 631600
25021 410300 0 0 0 25021 456101
25021 410400 0 0 0 25021 456101
25021 411101 0 0 0 25021 456101
25021 411102 0 0 0 25021 456200
25021 411200 0 0 0 25021 456200
25021 411301 0 0 0 25021 403300
25021 411302 0 0 0 25021 403300
25021 412100 0 0 0 25021 403300
25021 412200 0 0 0 25021 403300
25021 412300 0 0 0 25021 403300
25021 413100 0 0 0 25021 456200
25021 413201 0 0 0 25021 403300
25021 413202 0 0 0 25021 403300
25021 413300 0 0 0 25021 403300
25021 413401 0 0 0 25021 403300
25021 413402 0 0 0 25021 403300
25021 413500 0 0 0 25021 456200
25021 414100 0 0 0 25021 456101
25021 414200 0 0 0 25021 456101
25021 414300 0 0 0 25021 456101
25021 415101 0 0 0 25021 456200
25021 415103 0 0 0 25021 456200
25021 415104 0 0 0 25021 456200
25021 415201 0 0 0 25021 456200
25021 415202 0 0 0 25021 456200
25021 415300 0 0 0 25021 416101
25021 416101 132 10 1 25021 416101
25021 416102 0 0 0 25021 416101
25021 416200 0 0 0 25021 416101
25021 416300 0 0 0 25025 100800
25021 416400 0 0 0 25025 100800
25021 417100 0 0 0 25025 100800
25021 417201 0 0 0 25025 100800
25021 417202 0 0 0 25025 100800
25021 417300 0 0 0 25025 100800
25021 417400 0 0 0 25025 100800
25021 417501 0 0 0 25025 100800
25021 417502 0 0 0 25025 100800
25021 417601 0 0 0 25025 100800
25021 417602 0 0 0 25025 100800
25021 417702 0 0 0 25025 100800
25021 417703 0 0 0 25025 100800
25021 417704 0 0 0 25025 100800
25021 417801 0 0 0 25025 100800
25021 417802 0 0 0 25025 100800
25021 417901 0 0 0 25025 100800
25021 417902 0 0 0 25021 416101
25021 418002 0 0 0 25021 416101
25021 418003 0 0 0 25021 416101
25021 418004 0 0 0 25021 416101
25021 418101 0 0 0 25025 100800
25021 418102 0 0 0 25021 416101
25021 418201 0 0 0 25021 416101
25021 419100 0 0 0 25021 416101
25021 419200 0 0 0 25021 416101
25021 419300 0 0 0 25021 422202
25021 419400 0 0 0 25021 422202
25021 419500 0 0 0 25021 422202
25021 419601 0 0 0 25021 422202
25021 419602 0 0 0 25021 422202
25021 419700 0 0 0 25021 422202
25021 419800 0 0 0 25021 416101
25021 420101 0 0 0 25021 456200
25021 420102 0 0 0 25021 416101
25021 420201 0 0 0 25021 456200
25021 420202 0 0 0 25021 456200
25021 420301 0 0 0 25021 456200
25021 420302 0 0 0 25021 456200
25021 421100 0 0 0 25021 456200
25021 421200 0 0 0 25021 422202
25021 422100 0 0 0 25021 422202
25021 422201 0 0 0 25021 422202
25021 422202 536 38 1 25021 422202
25021 422301 0 0 0 25021 422202
25021 422303 0 0 0 25021 422202
25021 422304 0 0 0 25021 422202
25021 422401 0 0 0 25021 422202
25021 422402 0 0 0 25021 422202
25021 422501 0 0 0 25021 422202
25021 422502 0 0 0 25021 422202
25021 422600 0 0 0 25021 422202
25021 422700 0 0 0 25021 422202
25021 422800 0 0 0 25021 422202
25021 423101 0 0 0 25021 422202
25021 423102 0 0 0 25021 422202
25021 440101 0 0 0 25005 631600
25021 440102 0 0 0 25005 631600
25021 441202 0 0 0 25005 631600
25021 441203 0 0 0 25005 631600
25021 441204 0 0 0 25005 631600
25021 442101 0 0 0 25027 744400
25021 442103 0 0 0 25027 744400
25021 442104 0 0 0 25027 744400
25021 442105 0 0 0 25027 744400
25021 442201 0 0 0 25027 744400
25021 442203 0 0 0 25027 744400
25021 442204 0 0 0 25027 744400
25021 443103 0 0 0 25027 744400
25021 443104 0 0 0 25027 744400
25021 443105 0 0 0 25027 744400
25021 443106 0 0 0 25027 744400
25021 456101 70 0 1 25021 456101
25021 456102 0 0 0 25021 456101
25021 456200 93 0 1 25021 456200
25021 456301 0 0 0 25021 456200
25021 456302 0 0 0 25021 456200
25021 456401 0 0 0 25021 456101
25021 456402 0 0 0 25021 456101
25021 457100 0 0 0 25021 456200
25021 457200 0 0 0 25021 403300
25021 980000 0 0 0 25021 416101
25023 500101 0 0 0 25025 100800
25023 500103 0 0 0 25021 422202
25023 500104 0 0 0 25021 422202
25023 501101 0 0 0 25021 422202
25023 501102 0 0 0 25021 422202
25023 501201 0 0 0 25021 422202
25023 501203 0 0 0 25021 422202
25023 501204 0 0 0 25021 422202
25023 502101 0 0 0 25021 422202
25023 502102 0 0 0 25023 511100
25023 502200 0 0 0 25021 422202
25023 503101 0 0 0 25021 422202
25023 503102 0 0 0 25021 422202
25023 504101 0 0 0 25021 422202
25023 504102 0 0 0 25021 422202
25023 505102 0 0 0 25021 422202
25023 505103 0 0 0 25021 422202
25023 505104 0 0 0 25021 422202
25023 505201 0 0 0 25021 422202
25023 505202 0 0 0 25021 422202
25023 506102 0 0 0 25021 422202
25023 506103 0 0 0 25023 530500
25023 506104 0 0 0 25021 422202
25023 506202 0 0 0 25023 530500
25023 506203 0 0 0 25023 530500
25023 506205 0 0 0 25023 530500
25023 506206 0 0 0 25023 530500
25023 507101 0 0 0 25023 530500
25023 507103 0 0 0 25023 530500
25023 507104 0 0 0 25023 530500
25023 508101 0 0 0 25021 422202
25023 508102 0 0 0 25023 511100
25023 508200 0 0 0 25023 530500
25023 509101 0 0 0 25023 530500
25023 509102 0 0 0 25023 530500
25023 510100 0 0 0 25023 511100
25023 510200 0 0 0 25023 511100
25023 510300 0 0 0 25023 511100
25023 510400 0 0 0 25023 511100
25023 510501 0 0 0 25023 510503
25023 510503 210 20 1 25023 510503
25023 510504 0 0 0 25023 510503
25023 510505 0 0 0 25023 510503
25023 510600 0 0 0 25023 510503
25023 510700 0 0 0 25023 510503
25023 510800 0 0 0 25023 511100
25023 510900 0 0 0 25023 511100
25023 511000 0 0 0 25023 511100
25023 511100 215 26 1 25023 511100
25023 511200 0 0 0 25023 511100
25023 511301 0 0 0 25023 511100
25023 511302 0 0 0 25023 511100
25023 511400 0 0 0 25023 511100
25023 511500 0 0 0 25023 511100
25023 511601 0 0 0 25023 511100
25023 511602 0 0 0 25023 511100
25023 511701 0 0 0 25023 510503
25023 511702 0 0 0 25023 510503
25023 520100 0 0 0 25023 511100
25023 520201 0 0 0 25021 422202
25023 520202 0 0 0 25023 511100
25023 521101 0 0 0 25023 511100
25023 521102 0 0 0 25023 511100
25023 521201 0 0 0 25023 511100
25023 521202 0 0 0 25023 511100
25023 522101 0 0 0 25023 511100
25023 522102 0 0 0 25023 511100
25023 523100 0 0 0 25023 511100
25023 523201 0 0 0 25023 511100
25023 523203 0 0 0 25023 511100
25023 523204 0 0 0 25023 511100
25023 524101 0 0 0 25023 510503
25023 524102 0 0 0 25023 511100
25023 525101 0 0 0 25005 613800
25023 525104 0 0 0 25005 613800
25023 525204 0 0 0 25023 511100
25023 526100 0 0 0 25023 511100
25023 530100 0 0 0 25023 530500
25023 530200 0 0 0 25023 530500
25023 530300 0 0 0 25023 530500
25023 530400 0 0 0 25023 530500
25023 530500 166 16 1 25023 530500
25023 530600 0 0 0 25023 530500
25023 530700 0 0 0 25023 530500
25023 530801 0 0 0 25023 530500
25023 530802 0 0 0 25023 530500
25023 530902 0 0 0 25023 530500
25023 530903 0 0 0 25023 530500
25023 530904 0 0 0 25023 530500
25023 540101 0 0 0 25005 613800
25023 540102 0 0 0 25005 650101
25023 540103 0 0 0 25005 650101
25023 541100 0 0 0 25005 650101
25023 542101 0 0 0 25023 530500
25023 542102 0 0 0 25005 650101
25023 542200 0 0 0 25005 613800
25023 542301 0 0 0 25005 613800
25023 542302 0 0 0 25005 613800
25023 543100 0 0 0 25023 530500
25023 544100 0 0 0 25023 530500
25023 544200 0 0 0 25023 530500
25023 545100 0 0 0 25005 650101
25023 545200 0 0 0 25023 530500
25023 545300 0 0 0 25023 530500
25023 545400 0 0 0 25005 650101
25023 560100 0 0 0 25005 650101
25023 561100 0 0 0 25005 650101
25023 561400 0 0 0 25023 511100
25023 980200 0 0 0 25005 613800
25023 980300 0 0 0 25023 511100
25025 101 0 0 0 25025 604
25025 102 0 0 0 25025 604
25025 201 0 0 0 25025 603
25025 202 0 0 0 25025 603
25025 301 0 0 0 25025 603
25025 302 0 0 0 25025 603
25025 401 0 0 0 25025 603
25025 402 0 0 0 25025 603
25025 502 0 0 0 25025 603
25025 503 0 0 0 25025 603
25025 505 0 0 0 25025 603
25025 506 0 0 0 25025 603
25025 601 0 0 0 25025 603
25025 603 244 28 1 25025 603
25025 604 81 0 1 25025 604
25025 701 0 0 0 25025 604
25025 703 0 0 0 25025 604
25025 704 0 0 0 25025 604
25025 804 0 0 0 25025 604
25025 805 0 0 0 25025 604
25025 806 0 0 0 25017 353700
25025 807 0 0 0 25025 604
25025 10103 0 0 0 25025 10300
25025 10104 0 0 0 25025 10300
25025 10204 0 0 0 25025 10300
25025 10205 0 0 0 25025 10300
25025 10206 0 0 0 25025 10300
25025 10300 751 96 1 25025 10300
25025 10403 0 0 0 25025 10300
25025 10404 0 0 0 25025 10300
25025 10405 0 0 0 25025 10300
25025 10408 0 0 0 25025 10300
25025 10500 0 0 0 25025 71101
25025 10600 0 0 0 25025 71101
25025 10701 0 0 0 25025 71101
25025 10702 0 0 0 25025 70202
25025 10801 0 0 0 25025 20301
25025 10802 0 0 0 25025 10300
25025 20101 0 0 0 25025 20301
25025 20200 0 0 0 25025 20301
25025 20301 1356 178 3 25025 20301
25025 20302 0 0 0 25025 20301
25025 20304 0 0 0 25025 20301
25025 20305 0 0 0 25025 20301
25025 30100 0 0 0 25025 20301
25025 30200 0 0 0 25025 20301
25025 30301 0 0 0 25025 70202
25025 30302 0 0 0 25025 20301
25025 30400 0 0 0 25025 20301
25025 30500 0 0 0 25025 20301
25025 40100 0 0 0 25025 20301
25025 40200 0 0 0 25025 20301
25025 40300 0 0 0 25025 20301
25025 40401 0 0 0 25025 20301
25025 40600 0 0 0 25025 20301
25025 40801 0 0 0 25025 20301
25025 50101 0 0 0 25025 20301
25025 50200 0 0 0 25025 20301
25025 50300 0 0 0 25025 20301
25025 50400 0 0 0 25025 20301
25025 50500 0 0 0 25025 20301
25025 50600 0 0 0 25025 20301
25025 50700 0 0 0 25025 20301
25025 50901 0 0 0 25025 20301
25025 51000 0 0 0 25025 20301
25025 51101 0 0 0 25025 20301
25025 51200 0 0 0 25025 20301
25025 60101 0 0 0 25025 70202
25025 60200 0 0 0 25025 70202
25025 60301 0 0 0 25025 70202
25025 60400 0 0 0 25025 71101
25025 60501 0 0 0 25025 70202
25025 60601 0 0 0 25025 70202
25025 60602 0 0 0 25025 70202
25025 60603 0 0 0 25025 70202
25025 60604 0 0 0 25025 70202
25025 60700 0 0 0 25025 70202
25025 60800 0 0 0 25025 71101
25025 61000 0 0 0 25025 71101
25025 61101 0 0 0 25025 71101
25025 61201 0 0 0 25025 71101
25025 61202 0 0 0 25025 71101
25025 61203 0 0 0 25025 70202
25025 61204 0 0 0 25025 70202
25025 70102 0 0 0 25025 70202
25025 70103 0 0 0 25025 70202
25025 70104 0 0 0 25025 70202
25025 70201 0 0 0 25025 70202
25025 70202 449 70 1 25025 70202
25025 70301 0 0 0 25025 70202
25025 70302 0 0 0 25025 70202
25025 70402 0 0 0 25025 70202
25025 70501 0 0 0 25025 71101
25025 70502 0 0 0 25025 71101
25025 70600 0 0 0 25025 71101
25025 70700 0 0 0 25025 71101
25025 70801 0 0 0 25025 71101
25025 70802 0 0 0 25025 71101
25025 70901 0 0 0 25025 71101
25025 70902 0 0 0 25025 71101
25025 71101 610 88 1 25025 71101
25025 71201 0 0 0 25025 71101
25025 80100 0 0 0 25025 71101
25025 80300 0 0 0 25025 71101
25025 80401 0 0 0 25025 71101
25025 80500 0 0 0 25025 71101
25025 80601 0 0 0 25025 71101
25025 80801 0 0 0 25025 10300
25025 80900 0 0 0 25025 81001
25025 81001 1453 150 3 25025 81001
25025 81101 0 0 0 25025 81102
25025 81102 172 13 1 25025 81102
25025 81200 0 0 0 25025 81102
25025 81301 0 0 0 25025 81102
25025 81302 0 0 0 25025 81102
25025 81400 0 0 0 25025 81102
25025 81500 0 0 0 25025 81102
25025 81700 0 0 0 25025 81102
25025 81800 0 0 0 25025 71101
25025 81900 0 0 0 25025 980300
25025 82000 0 0 0 25025 980300
25025 82100 0 0 0 25025 980300
25025 90100 0 0 0 25025 980300
25025 90200 0 0 0 25025 980300
25025 90300 0 0 0 25025 980300
25025 90400 0 0 0 25025 71101
25025 90600 0 0 0 25025 71101
25025 90700 0 0 0 25025 71101
25025 90901 0 0 0 25025 71101
25025 91001 0 0 0 25025 71101
25025 91100 0 0 0 25025 71101
25025 91200 0 0 0 25025 71101
25025 91300 0 0 0 25025 71101
25025 91400 0 0 0 25025 71101
25025 91500 0 0 0 25025 980300
25025 91600 0 0 0 25025 980300
25025 91700 0 0 0 25025 980300
25025 91800 0 0 0 25025 980300
25025 91900 0 0 0 25025 980300
25025 92000 0 0 0 25025 980300
25025 92101 0 0 0 25025 100800
25025 92200 0 0 0 25025 100800
25025 92300 0 0 0 25025 980300
25025 92400 0 0 0 25025 980300
25025 100100 0 0 0 25025 980300
25025 100200 0 0 0 25025 980300
25025 100300 0 0 0 25025 100800
25025 100400 0 0 0 25025 100800
25025 100500 0 0 0 25025 100800
25025 100601 0 0 0 25025 100800
25025 100603 0 0 0 25025 100800
25025 100700 0 0 0 25025 100800
25025 100800 95 8 1 25025 100800
25025 100900 0 0 0 25025 100800
25025 101001 0 0 0 25025 100800
25025 101002 0 0 0 25025 100800
25025 101101 0 0 0 25025 980300
25025 101102 0 0 0 25025 100800
25025 110104 0 0 0 25025 120105
25025 110105 0 0 0 25025 980300
25025 110106 0 0 0 25025 980300
25025 110201 0 0 0 25025 980300
25025 110301 0 0 0 25025 980300
25025 110401 0 0 0 25025 120105
25025 110403 0 0 0 25025 120105
25025 110501 0 0 0 25025 120105
25025 110502 0 0 0 25025 120105
25025 110601 0 0 0 25025 120105
25025 110607 0 0 0 25025 120105
25025 120103 0 0 0 25025 120105
25025 120104 0 0 0 25025 120105
25025 120105 189 14 1 25025 120105
25025 120201 0 0 0 25025 980300
25025 120301 0 0 0 25025 980300
25025 120400 0 0 0 25025 120105
25025 120500 0 0 0 25025 81102
25025 120600 0 0 0 25025 81102
25025 120700 0 0 0 25025 81102
25025 130101 0 0 0 25025 120105
25025 130200 0 0 0 25025 120105
25025 130300 0 0 0 25025 120105
25025 130402 0 0 0 25025 120105
25025 130404 0 0 0 25025 120105
25025 130406 0 0 0 25025 120105
25025 140102 0 0 0 25021 416101
25025 140105 0 0 0 25025 980300
25025 140106 0 0 0 25025 120105
25025 140107 0 0 0 25021 416101
25025 140201 0 0 0 25021 416101
25025 140202 0 0 0 25021 416101
25025 140300 0 0 0 25021 416101
25025 140400 0 0 0 25025 980300
25025 160102 0 0 0 25025 20301
25025 160103 0 0 0 25025 20301
25025 160200 0 0 0 25025 20301
25025 160300 0 0 0 25025 20301
25025 160400 0 0 0 25025 20301
25025 160501 0 0 0 25025 20301
25025 160502 0 0 0 25025 20301
25025 160601 0 0 0 25025 20301
25025 160602 0 0 0 25025 20301
25025 170101 0 0 0 25025 20301
25025 170102 0 0 0 25017 336202
25025 170200 0 0 0 25017 336202
25025 170301 0 0 0 25017 336202
25025 170302 0 0 0 25017 336202
25025 170400 0 0 0 25017 336202
25025 170502 0 0 0 25017 336202
25025 170503 0 0 0 25017 336202
25025 170504 0 0 0 25017 336202
25025 170601 0 0 0 25025 20301
25025 170701 0 0 0 25025 20301
25025 170702 0 0 0 25025 20301
25025 170800 0 0 0 25025 20301
25025 180101 0 0 0 25025 20301
25025 180200 0 0 0 25025 20301
25025 180301 0 0 0 25025 70202
25025 180400 0 0 0 25025 70202
25025 180500 0 0 0 25025 70202
25025 980101 0 0 0 25025 70202
25025 980300 226 0 1 25025 980300
25025 980700 0 0 0 25025 120105
25025 980900 0 0 0 25025 120105
25025 981000 0 0 0 25025 120105
25025 981100 0 0 0 25025 980300
25025 981201 0 0 0 25025 70202
25025 981202 0 0 0 25025 70202
25025 981300 0 0 0 25025 70202
25025 981501 0 0 0 25017 352900
25025 981502 0 0 0 25025 20301
25025 981600 0 0 0 25025 20301
25025 981700 0 0 0 25025 70202
25025 981800 0 0 0 25025 81102
25025 981900 0 0 0 25025 120105
25027 700100 0 0 0 25027 707500
25027 701101 0 0 0 25027 707500
25027 701102 0 0 0 25027 707500
25027 702201 0 0 0 25027 703300
25027 702202 0 0 0 25027 707500
25027 703100 0 0 0 25027 703300
25027 703200 0 0 0 25027 703300
25027 703300 27 0 1 25027 703300
25027 704201 0 0 0 25027 703300
25027 704202 0 0 0 25027 703300
25027 705101 0 0 0 25027 707500
25027 705102 0 0 0 25027 707500
25027 706100 0 0 0 25027 707500
25027 707100 0 0 0 25027 707500
25027 707200 0 0 0 25027 707500
25027 707300 0 0 0 25027 707500
25027 707400 0 0 0 25027 707500
25027 707500 131 10 1 25027 707500
25027 708100 0 0 0 25027 707500
25027 709100 0 0 0 25027 709702
25027 709201 0 0 0 25027 709702
25027 709203 0 0 0 25027 709702
25027 709204 0 0 0 25027 709702
25027 709400 0 0 0 25027 709702
25027 709501 0 0 0 25027 709702
25027 709502 0 0 0 25027 709702
25027 709600 0 0 0 25027 709702
25027 709701 0 0 0 25027 709702
25027 709702 164 22 1 25027 709702
25027 710100 0 0 0 25027 709702
25027 710200 0 0 0 25027 709702
25027 710300 0 0 0 25027 709702
25027 710400 0 0 0 25027 709702
25027 710500 0 0 0 25027 709702
25027 710601 0 0 0 25027 709702
25027 710602 0 0 0 25027 709702
25027 710700 0 0 0 25027 709702
25027 710800 0 0 0 25027 709702
25027 711000 0 0 0 25027 709702
25027 711100 0 0 0 25027 709702
25027 712101 0 0 0 25027 709702
25027 712102 0 0 0 25027 709702
25027 713100 0 0 0 25027 709702
25027 715100 0 0 0 25017 321500
25027 716101 0 0 0 25017 321500
25027 716102 0 0 0 25017 321500
25027 716200 0 0 0 25017 321500
25027 716300 0 0 0 25017 321500
25027 717100 0 0 0 25017 321500
25027 718100 0 0 0 25027 732002
25027 719100 0 0 0 25027 709702
25027 720100 0 0 0 25027 709702
25027 721101 0 0 0 25027 735200
25027 721103 0 0 0 25027 735200
25027 721104 0 0 0 25027 735200
25027 722100 0 0 0 25027 703300
25027 723100 0 0 0 25013 810100
25027 724100 0 0 0 25013 810100
25027 725100 0 0 0 25027 735200
25027 726100 0 0 0 25027 735200
25027 726200 0 0 0 25027 735200
25027 727100 0 0 0 25027 735200
25027 728100 0 0 0 25027 731900
25027 728200 0 0 0 25027 731900
25027 728300 0 0 0 25027 731900
25027 728400 0 0 0 25027 732002
25027 729100 0 0 0 25027 732002
25027 729200 0 0 0 25027 732002
25027 730100 0 0 0 25027 732002
25027 730200 0 0 0 25027 732002
25027 730300 0 0 0 25027 732002
25027 730401 0 0 0 25027 732002
25027 730402 0 0 0 25027 731900
25027 730500 0 0 0 25027 731900
25027 730600 0 0 0 25027 731900
25027 730700 0 0 0 25027 731700
25027 730801 0 0 0 25027 731700
25027 730802 0 0 0 25027 731700
25027 730901 0 0 0 25027 731700
25027 730902 0 0 0 25027 731700
25027 731001 0 0 0 25027 735200
25027 731002 0 0 0 25027 735200
25027 731101 0 0 0 25027 731700
25027 731102 0 0 0 25027 731700
25027 731202 0 0 0 25027 731700
25027 731203 0 0 0 25027 731700
25027 731204 0 0 0 25027 731700
25027 731300 0 0 0 25027 731700
25027 731400 0 0 0 25027 731700
25027 731500 0 0 0 25027 731700
25027 731601 0 0 0 25027 731700
25027 731602 0 0 0 25027 731700
25027 731700 291 24 1 25027 731700
25027 731801 0 0 0 25027 731900
25027 731802 0 0 0 25027 731700
25027 731900 114 0 1 25027 731900
25027 732001 0 0 0 25027 732002
25027 732002 862 165 1 25027 732002
25027 732201 0 0 0 25027 732002
25027 732202 0 0 0 25027 731900
25027 732203 0 0 0 25027 731700
25027 732301 0 0 0 25027 731700
25027 732302 0 0 0 25027 731700
25027 732400 0 0 0 25027 731700
25027 732500 0 0 0 25027 731700
25027 732600 0 0 0 25027 731700
25027 732700 0 0 0 25027 731700
25027 732801 0 0 0 25027 731700
25027 732802 0 0 0 25027 731700
25027 732901 0 0 0 25027 731700
25027 732902 0 0 0 25027 731700
25027 733000 0 0 0 25027 731700
25027 733101 0 0 0 25027 735200
25027 733102 0 0 0 25027 735200
25027 735100 0 0 0 25027 735200
25027 735200 77 0 1 25027 735200
25027 736100 0 0 0 25027 735200
25027 736200 0 0 0 25027 735200
25027 736300 0 0 0 25027 735200
25027 736400 0 0 0 25027 731700
25027 736500 0 0 0 25027 735200
25027 737100 0 0 0 25027 731700
25027 737200 0 0 0 25027 731700
25027 737300 0 0 0 25027 731700
25027 738100 0 0 0 25027 744400
25027 738201 0 0 0 25027 731700
25027 738202 0 0 0 25027 761200
25027 739101 0 0 0 25027 732002
25027 739102 0 0 0 25027 732002
25027 739201 0 0 0 25027 732002
25027 739202 0 0 0 25027 732002
25027 739300 0 0 0 25027 732002
25027 739401 0 0 0 25027 732002
25027 739402 0 0 0 25027 732002
25027 739500 0 0 0 25027 732002
25027 740101 0 0 0 25027 761200
25027 740102 0 0 0 25027 761200
25027 740200 0 0 0 25027 761200
25027 741101 0 0 0 25027 761200
25027 741102 0 0 0 25027 761200
25027 742300 0 0 0 25027 761200
25027 742401 0 0 0 25027 761200
25027 742402 0 0 0 25027 761200
25027 743100 0 0 0 25027 744400
25027 744102 0 0 0 25027 744400
25027 744103 0 0 0 25027 744400
25027 744104 0 0 0 25027 744400
25027 744201 0 0 0 25027 744400
25027 744202 0 0 0 25027 744400
25027 744300 0 0 0 25027 744400
25027 744400 200 35 1 25027 744400
25027 745100 0 0 0 25027 744400
25027 746100 0 0 0 25027 744400
25027 747101 0 0 0 25027 744400
25027 747102 0 0 0 25027 744400
25027 748100 0 0 0 25027 744400
25027 749100 0 0 0 25027 744400
25027 749200 0 0 0 25027 744400
25027 750100 0 0 0 25027 744400
25027 750200 0 0 0 25027 744400
25027 750300 0 0 0 25027 744400
25027 751101 0 0 0 25027 731700
25027 751102 0 0 0 25027 731700
25027 752101 0 0 0 25027 744400
25027 752102 0 0 0 25027 744400
25027 753100 0 0 0 25027 735200
25027 753200 0 0 0 25027 735200
25027 754100 0 0 0 25027 757300
25027 754200 0 0 0 25027 757300
25027 754300 0 0 0 25027 757300
25027 754400 0 0 0 25027 757300
25027 755100 0 0 0 25027 757300
25027 755201 0 0 0 25027 757300
25027 755202 0 0 0 25027 757300
25027 756101 0 0 0 25027 757300
25027 756102 0 0 0 25027 757300
25027 757100 0 0 0 25027 757300
25027 757200 0 0 0 25027 757300
25027 757300 117 13 1 25027 757300
25027 757400 0 0 0 25027 757300
25027 757500 0 0 0 25027 757300
25027 758101 0 0 0 25027 757300
25027 758103 0 0 0 25027 757300
25027 758104 0 0 0 25027 757300
25027 759100 0 0 0 25027 735200
25027 760100 0 0 0 25027 757300
25027 761100 0 0 0 25013 810100
25027 761200 46 0 1 25027 761200
25027 761300 0 0 0 25027 732002
25027 761401 0 0 0 25017 325102
25027 761402 0 0 0 25017 325102
