# ExaEpi hospital-capacity data -- utilities/build_hospital_data.py
# source: HHS COVID-19 Hospital Capacity by Facility (anag-cw7u): staffed inpatient beds (beds) + staffed adult ICU beds (icu_beds)
# state=NM year=2021 level=tract week=2021-12-26
# columns: FIPS TRACT beds icu_beds n_hospitals hosp_FIPS hosp_TRACT
612
35001 107 0 0 0 35001 3733
35001 108 0 0 0 35001 3733
35001 109 0 0 0 35001 3733
35001 110 0 0 0 35001 3733
35001 111 0 0 0 35001 3733
35001 112 0 0 0 35001 906
35001 113 0 0 0 35001 3733
35001 114 0 0 0 35001 3733
35001 115 0 0 0 35001 3733
35001 116 0 0 0 35001 906
35001 117 0 0 0 35001 3733
35001 118 0 0 0 35001 3733
35001 119 0 0 0 35001 3733
35001 120 0 0 0 35001 3733
35001 121 0 0 0 35001 3733
35001 122 0 0 0 35001 3733
35001 123 0 0 0 35001 906
35001 124 0 0 0 35001 906
35001 125 0 0 0 35001 906
35001 126 0 0 0 35001 906
35001 127 0 0 0 35001 906
35001 128 0 0 0 35001 906
35001 129 0 0 0 35001 906
35001 203 0 0 0 35001 3733
35001 204 0 0 0 35001 3733
35001 205 0 0 0 35001 3733
35001 206 0 0 0 35001 3733
35001 207 0 0 0 35001 3733
35001 208 0 0 0 35001 3733
35001 300 0 0 0 35001 1800
35001 401 0 0 0 35001 1800
35001 402 0 0 0 35001 1800
35001 501 0 0 0 35001 906
35001 503 0 0 0 35001 1800
35001 504 0 0 0 35001 906
35001 601 0 0 0 35001 906
35001 603 0 0 0 35001 906
35001 605 0 0 0 35001 906
35001 704 0 0 0 35001 906
35001 711 0 0 0 35001 906
35001 712 0 0 0 35001 906
35001 713 0 0 0 35001 906
35001 714 0 0 0 35001 906
35001 715 0 0 0 35001 906
35001 716 0 0 0 35001 906
35001 717 0 0 0 35001 906
35001 718 0 0 0 35001 906
35001 719 0 0 0 35001 906
35001 720 0 0 0 35001 906
35001 904 0 0 0 35001 906
35001 905 0 0 0 35001 906
35001 906 32 0 1 35001 906
35001 907 0 0 0 35001 906
35001 908 0 0 0 35001 906
35001 1101 0 0 0 35001 906
35001 1102 0 0 0 35001 906
35001 1201 0 0 0 35001 4900
35001 1202 0 0 0 35001 4900
35001 1300 0 0 0 35001 4900
35001 1400 0 0 0 35001 4900
35001 1500 0 0 0 35001 4900
35001 1701 0 0 0 35001 1800
35001 1702 0 0 0 35001 4900
35001 1800 703 86 1 35001 1800
35001 2000 350 48 2 35001 2000
35001 2100 0 0 0 35001 2000
35001 2200 0 0 0 35001 2000
35001 2301 0 0 0 35001 2000
35001 2302 0 0 0 35001 2000
35001 2303 0 0 0 35001 4900
35001 2401 0 0 0 35001 2000
35001 2403 0 0 0 35001 2000
35001 2404 0 0 0 35001 2000
35001 2700 0 0 0 35001 2000
35001 2900 0 0 0 35001 2000
35001 3001 0 0 0 35001 2000
35001 3002 0 0 0 35001 2000
35001 3100 0 0 0 35001 2000
35001 3201 0 0 0 35001 3733
35001 3202 0 0 0 35001 2000
35001 3400 0 0 0 35001 3733
35001 3501 0 0 0 35001 3733
35001 3502 0 0 0 35001 4753
35001 3600 0 0 0 35001 4753
35001 3707 0 0 0 35001 3733
35001 3712 0 0 0 35001 3733
35001 3715 0 0 0 35001 3733
35001 3717 0 0 0 35001 3733
35001 3718 0 0 0 35001 3733
35001 3719 0 0 0 35001 3733
35001 3722 0 0 0 35001 3733
35001 3723 0 0 0 35001 3733
35001 3724 0 0 0 35001 3733
35001 3725 0 0 0 35001 3733
35001 3726 0 0 0 35001 3733
35001 3728 0 0 0 35001 3733
35001 3729 0 0 0 35001 3733
35001 3730 0 0 0 35001 3733
35001 3731 0 0 0 35001 3733
35001 3733 173 7 1 35001 3733
35001 3736 0 0 0 35001 3733
35001 3737 0 0 0 35001 3733
35001 3738 0 0 0 35001 3733
35001 3739 0 0 0 35001 3733
35001 3740 0 0 0 35001 3733
35001 3741 0 0 0 35001 3733
35001 3742 0 0 0 35001 3733
35001 3743 0 0 0 35001 3733
35001 3744 0 0 0 35001 3733
35001 3745 0 0 0 35001 3733
35001 3746 0 0 0 35001 3733
35001 3803 0 0 0 35001 3733
35001 3804 0 0 0 35001 906
35001 3805 0 0 0 35001 3733
35001 3806 0 0 0 35001 906
35001 3807 0 0 0 35001 906
35001 4001 0 0 0 35001 906
35001 4300 0 0 0 35001 4900
35001 4401 0 0 0 35001 4900
35001 4402 0 0 0 35001 4900
35001 4501 0 0 0 35001 4900
35001 4502 0 0 0 35001 4900
35001 4602 0 0 0 35001 4900
35001 4603 0 0 0 35001 4900
35001 4604 0 0 0 35001 4900
35001 4712 0 0 0 35001 2000
35001 4713 0 0 0 35001 4900
35001 4715 0 0 0 35001 4900
35001 4716 0 0 0 35001 4753
35001 4720 0 0 0 35001 4745
35001 4722 0 0 0 35001 4753
35001 4723 0 0 0 35001 4753
35001 4724 0 0 0 35001 4753
35001 4725 0 0 0 35001 4753
35001 4726 0 0 0 35001 4753
35001 4727 0 0 0 35001 4753
35001 4728 0 0 0 35001 4753
35001 4729 0 0 0 35001 2000
35001 4733 0 0 0 35001 4900
35001 4734 0 0 0 35001 4900
35001 4735 0 0 0 35001 4900
35001 4736 0 0 0 35001 2000
35001 4737 0 0 0 35001 4900
35001 4738 0 0 0 35001 4900
35001 4739 0 0 0 35001 2000
35001 4742 0 0 0 35001 2000
35001 4743 0 0 0 35001 2000
35001 4744 0 0 0 35001 2000
35001 4745 44 6 1 35001 4745
35001 4747 0 0 0 35001 4745
35001 4749 0 0 0 35001 2000
35001 4750 0 0 0 35001 2000
35001 4752 0 0 0 35001 4753
35001 4753 4 0 1 35001 4753
35001 4754 0 0 0 35001 4745
35001 4755 0 0 0 35001 4745
35001 4756 0 0 0 35001 4745
35001 4757 0 0 0 35001 4745
35001 4758 0 0 0 35001 4745
35001 4759 0 0 0 35001 2000
35001 4760 0 0 0 35001 2000
35001 4761 0 0 0 35001 2000
35001 4762 0 0 0 35001 2000
35001 4763 0 0 0 35001 4745
35001 4764 0 0 0 35001 4753
35001 4800 0 0 0 35001 2000
35001 4900 710 64 1 35001 4900
35001 940500 0 0 0 35001 3733
35001 940601 0 0 0 35001 4745
35001 940602 0 0 0 35001 4745
35001 940700 0 0 0 35001 906
35001 940800 0 0 0 35001 2000
35001 980000 0 0 0 35001 906
35001 980300 0 0 0 35001 906
35001 980500 0 0 0 35001 4900
35001 980600 0 0 0 35001 4753
35003 976401 0 0 0 35017 964701
35003 976402 0 0 0 35053 978301
35005 201 0 0 0 35005 302
35005 202 0 0 0 35005 302
35005 301 0 0 0 35005 302
35005 302 31 0 1 35005 302
35005 400 0 0 0 35005 302
35005 500 0 0 0 35005 302
35005 600 0 0 0 35005 302
35005 700 0 0 0 35005 302
35005 800 0 0 0 35005 302
35005 900 0 0 0 35005 302
35005 1001 0 0 0 35005 1002
35005 1002 77 19 1 35005 1002
35005 1101 0 0 0 35005 302
35005 1102 0 0 0 35005 302
35005 1200 0 0 0 35005 1002
35005 1300 0 0 0 35005 302
35005 1400 0 0 0 35015 1002
35006 941500 0 0 0 35006 974201
35006 945800 0 0 0 35006 974201
35006 946100 0 0 0 35006 974201
35006 974201 11 0 1 35006 974201
35006 974202 0 0 0 35006 974201
35006 974401 0 0 0 35006 974201
35006 974402 0 0 0 35006 974201
35006 974701 0 0 0 35006 974201
35006 974702 0 0 0 35006 974201
35007 950500 0 0 0 35007 950600
35007 950600 18 4 1 35007 950600
35007 950700 0 0 0 35007 950600
35009 100 0 0 0 35009 201
35009 201 100 7 1 35009 201
35009 202 0 0 0 35009 201
35009 303 0 0 0 35009 201
35009 305 0 0 0 35009 201
35009 306 0 0 0 35009 201
35009 307 0 0 0 35009 201
35009 308 0 0 0 35009 201
35009 400 0 0 0 35009 201
35009 500 0 0 0 35009 201
35009 601 0 0 0 35009 201
35009 602 0 0 0 35009 201
35009 603 0 0 0 35009 201
35009 900 0 0 0 35009 201
35011 960100 0 0 0 35019 961600
35013 102 10 0 1 35013 102
35013 103 0 0 0 35013 102
35013 104 0 0 0 35013 102
35013 203 0 0 0 35013 102
35013 204 0 0 0 35013 102
35013 205 0 0 0 35013 102
35013 206 0 0 0 35013 102
35013 300 0 0 0 35013 102
35013 401 0 0 0 35013 102
35013 402 0 0 0 35013 102
35013 500 0 0 0 35013 102
35013 600 0 0 0 35013 102
35013 700 0 0 0 35013 1205
35013 800 0 0 0 35013 1205
35013 901 0 0 0 35013 1205
35013 902 0 0 0 35013 1205
35013 1000 0 0 0 35013 1205
35013 1102 0 0 0 35013 102
35013 1103 0 0 0 35013 1205
35013 1105 0 0 0 35013 1205
35013 1106 0 0 0 35013 1205
35013 1203 0 0 0 35013 1205
35013 1204 0 0 0 35013 1205
35013 1205 191 29 1 35013 1205
35013 1206 0 0 0 35013 102
35013 1207 0 0 0 35013 1209
35013 1208 0 0 0 35013 1209
35013 1209 194 24 2 35013 1209
35013 1210 0 0 0 35013 1209
35013 1308 0 0 0 35013 102
35013 1309 0 0 0 35013 102
35013 1310 0 0 0 35013 1209
35013 1311 0 0 0 35013 102
35013 1312 0 0 0 35013 102
35013 1313 0 0 0 35013 1209
35013 1314 0 0 0 35013 1209
35013 1315 0 0 0 35013 1209
35013 1316 0 0 0 35013 1209
35013 1317 0 0 0 35013 102
35013 1318 0 0 0 35013 102
35013 1401 0 0 0 35013 102
35013 1402 0 0 0 35051 962200
35013 1501 0 0 0 35013 102
35013 1502 0 0 0 35013 102
35013 1600 0 0 0 35013 1205
35013 1701 0 0 0 35013 1205
35013 1702 0 0 0 35013 1205
35013 1703 0 0 0 35013 1205
35013 1705 0 0 0 35013 1205
35013 1706 0 0 0 35013 1205
35013 1707 0 0 0 35013 1205
35013 1805 0 0 0 35013 1205
35013 1807 0 0 0 35013 1205
35013 1808 0 0 0 35013 1205
35013 1809 0 0 0 35013 1205
35013 1810 0 0 0 35013 1205
35013 1811 0 0 0 35013 1205
35013 1812 0 0 0 35013 1205
35013 1813 0 0 0 35013 1205
35013 1814 0 0 0 35013 1205
35013 1900 0 0 0 35013 1209
35015 100 0 0 0 35015 401
35015 200 0 0 0 35015 401
35015 300 0 0 0 35015 401
35015 401 44 9 1 35015 401
35015 402 0 0 0 35015 401
35015 500 0 0 0 35015 401
35015 600 0 0 0 35015 401
35015 700 0 0 0 35015 401
35015 800 0 0 0 35015 401
35015 900 0 0 0 35015 1002
35015 1001 0 0 0 35015 1002
35015 1002 22 0 1 35015 1002
35015 1100 0 0 0 35015 1002
35017 964100 0 0 0 35017 964701
35017 964200 0 0 0 35017 964701
35017 964300 0 0 0 35017 964701
35017 964401 0 0 0 35017 964701
35017 964402 0 0 0 35017 964701
35017 964500 0 0 0 35017 964701
35017 964600 0 0 0 35017 964701
35017 964701 17 0 1 35017 964701
35017 964702 0 0 0 35017 964701
35017 964800 0 0 0 35029 300
35019 961600 11 0 1 35019 961600
35021 100 0 0 0 35059 950200
35023 970000 0 0 0 35029 300
35023 970200 0 0 0 35017 964701
35025 100 0 0 0 35025 504
35025 200 0 0 0 35025 504
35025 300 0 0 0 35025 504
35025 400 0 0 0 35025 504
35025 502 0 0 0 35025 504
35025 503 0 0 0 35025 504
35025 504 21 6 1 35025 504
35025 600 0 0 0 35025 504
35025 701 0 0 0 35025 504
35025 702 0 0 0 35025 504
35025 703 0 0 0 35025 504
35025 704 0 0 0 35025 504
35025 800 0 0 0 35025 504
35025 900 0 0 0 35025 504
35025 1003 0 0 0 35025 1004
35025 1004 25 0 1 35025 1004
35025 1005 0 0 0 35025 1004
35025 1100 0 0 0 35025 1004
35027 960200 0 0 0 35027 960800
35027 960300 0 0 0 35027 960800
35027 960401 0 0 0 35027 960800
35027 960402 0 0 0 35027 960800
35027 960403 0 0 0 35027 960800
35027 960601 0 0 0 35027 960800
35027 960602 0 0 0 35027 960800
35027 960603 0 0 0 35027 960800
35027 960800 25 6 1 35027 960800
35028 100 0 0 0 35028 400
35028 200 0 0 0 35028 400
35028 400 12 4 1 35028 400
35028 500 0 0 0 35028 400
35029 100 0 0 0 35029 300
35029 200 0 0 0 35029 300
35029 300 25 0 1 35029 300
35029 401 0 0 0 35029 300
35029 402 0 0 0 35029 300
35029 500 0 0 0 35029 300
35029 600 0 0 0 35029 300
35031 940301 0 0 0 35031 945502
35031 940302 0 0 0 35031 945502
35031 940500 0 0 0 35031 945502
35031 943500 0 0 0 35031 945502
35031 943601 0 0 0 35031 945502
35031 943602 0 0 0 35031 945502
35031 943701 0 0 0 35031 945502
35031 943702 0 0 0 35031 945502
35031 943801 0 0 0 35031 945502
35031 943802 0 0 0 35031 945502
35031 943803 0 0 0 35031 945502
35031 943903 0 0 0 35031 945502
35031 943904 0 0 0 35031 945502
35031 943905 0 0 0 35031 945502
35031 943906 0 0 0 35031 945502
35031 943907 0 0 0 35031 945502
35031 944000 0 0 0 35006 974201
35031 945201 0 0 0 35031 945502
35031 945202 0 0 0 35031 945502
35031 945300 0 0 0 35031 945502
35031 945400 0 0 0 35031 945502
35031 945501 0 0 0 35031 945502
35031 945502 28 6 1 35031 945502
35031 945503 0 0 0 35031 945502
35031 945601 0 0 0 35031 945502
35031 945602 0 0 0 35031 945502
35031 945701 0 0 0 35031 945502
35031 945702 0 0 0 35031 945502
35031 946001 0 0 0 35031 945502
35031 946002 0 0 0 35006 974201
35031 946003 0 0 0 35006 974201
35031 973100 0 0 0 35031 945502
35031 980000 0 0 0 35031 945502
35033 955201 0 0 0 35055 952701
35033 955202 0 0 0 35047 957200
35035 100 0 0 0 35035 304
35035 200 0 0 0 35035 304
35035 303 0 0 0 35035 304
35035 304 78 9 1 35035 304
35035 305 0 0 0 35035 304
35035 306 0 0 0 35035 304
35035 401 0 0 0 35035 304
35035 403 0 0 0 35035 304
35035 404 0 0 0 35035 304
35035 501 0 0 0 35035 304
35035 502 0 0 0 35035 304
35035 601 0 0 0 35035 304
35035 602 0 0 0 35035 304
35035 603 0 0 0 35035 304
35035 604 0 0 0 35035 304
35035 701 0 0 0 35035 304
35035 702 0 0 0 35035 304
35035 901 0 0 0 35035 304
35035 903 0 0 0 35013 1205
35035 904 0 0 0 35035 304
35035 940000 0 0 0 35027 960800
35037 958601 10 0 1 35037 958601
35037 958602 0 0 0 35037 958601
35037 958900 0 0 0 35037 958601
35039 100 0 0 0 35039 940700
35039 200 0 0 0 35039 940700
35039 301 0 0 0 35039 940700
35039 302 0 0 0 35039 940700
35039 401 0 0 0 35028 400
35039 402 0 0 0 35055 952701
35039 500 0 0 0 35039 940700
35039 940700 32 6 1 35039 940700
35039 940800 0 0 0 35039 940700
35039 941000 0 0 0 35045 402
35039 944100 0 0 0 35039 940700
35041 100 0 0 0 35041 300
35041 200 0 0 0 35041 300
35041 300 16 0 1 35041 300
35041 401 0 0 0 35041 300
35041 402 0 0 0 35041 300
35043 10503 0 0 0 35043 10727
35043 10601 0 0 0 35001 4753
35043 10602 0 0 0 35001 4745
35043 10702 0 0 0 35043 10727
35043 10705 0 0 0 35001 4745
35043 10712 0 0 0 35001 4745
35043 10713 0 0 0 35001 4745
35043 10714 0 0 0 35001 4745
35043 10715 0 0 0 35001 4745
35043 10719 0 0 0 35001 4745
35043 10721 0 0 0 35043 10727
35043 10722 0 0 0 35001 4745
35043 10724 0 0 0 35043 10727
35043 10725 0 0 0 35043 10727
35043 10726 0 0 0 35043 10727
35043 10727 78 12 1 35043 10727
35043 10728 0 0 0 35043 10727
35043 10729 0 0 0 35043 10727
35043 10730 0 0 0 35001 4745
35043 10731 0 0 0 35001 4745
35043 10732 0 0 0 35001 4745
35043 10733 0 0 0 35043 10727
35043 10734 0 0 0 35043 10727
35043 10900 0 0 0 35043 10727
35043 11101 0 0 0 35043 10727
35043 11102 0 0 0 35043 10727
35043 11200 0 0 0 35028 400
35043 940200 0 0 0 35043 10727
35043 940300 0 0 0 35028 400
35043 940500 0 0 0 35043 10727
35043 940600 0 0 0 35043 10727
35043 940700 0 0 0 35043 10727
35043 940900 0 0 0 35028 400
35043 941000 0 0 0 35028 400
35043 980000 0 0 0 35001 4745
35045 100 0 0 0 35045 402
35045 201 0 0 0 35045 402
35045 202 0 0 0 35045 402
35045 204 0 0 0 35045 402
35045 206 0 0 0 35045 402
35045 207 0 0 0 35045 402
35045 301 0 0 0 35045 402
35045 302 0 0 0 35045 402
35045 401 0 0 0 35045 402
35045 402 175 21 1 35045 402
35045 503 0 0 0 35045 402
35045 504 0 0 0 35045 402
35045 506 0 0 0 35045 402
35045 507 0 0 0 35045 402
35045 607 0 0 0 35045 402
35045 609 0 0 0 35045 402
35045 610 0 0 0 35045 402
35045 611 0 0 0 35045 402
35045 612 0 0 0 35045 402
35045 613 0 0 0 35045 402
35045 614 0 0 0 35045 402
35045 615 0 0 0 35045 402
35045 702 0 0 0 35045 402
35045 705 0 0 0 35045 402
35045 706 0 0 0 35045 402
35045 707 0 0 0 35045 402
35045 708 0 0 0 35045 402
35045 900 0 0 0 35045 402
35045 942801 0 0 0 35045 402
35045 942802 0 0 0 35045 402
35045 942803 0 0 0 35045 402
35045 942900 0 0 0 35045 402
35045 943000 0 0 0 35045 402
35045 943100 0 0 0 35031 945502
35045 943201 0 0 0 35045 402
35045 943300 0 0 0 35045 402
35047 957200 14 0 1 35047 957200
35047 957300 0 0 0 35047 957200
35047 957400 0 0 0 35047 957200
35047 957501 0 0 0 35047 957200
35047 957502 0 0 0 35047 957200
35047 957601 0 0 0 35047 957200
35047 957602 0 0 0 35047 957200
35047 957603 0 0 0 35049 1001
35047 957700 0 0 0 35047 957200
35047 957800 0 0 0 35047 957200
35049 102 0 0 0 35049 1001
35049 103 0 0 0 35049 1001
35049 201 0 0 0 35049 1001
35049 202 0 0 0 35049 1001
35049 300 0 0 0 35049 1001
35049 400 0 0 0 35049 1001
35049 500 0 0 0 35049 1001
35049 600 0 0 0 35049 1001
35049 700 0 0 0 35049 1001
35049 800 0 0 0 35049 1001
35049 900 0 0 0 35049 1001
35049 1001 176 18 1 35049 1001
35049 1002 0 0 0 35049 1001
35049 1102 0 0 0 35049 1001
35049 1103 0 0 0 35049 1001
35049 1105 0 0 0 35049 1001
35049 1106 0 0 0 35049 10317
35049 1107 0 0 0 35049 1001
35049 1202 0 0 0 35049 10317
35049 1203 0 0 0 35049 10317
35049 1205 0 0 0 35049 10317
35049 1206 0 0 0 35049 10317
35049 1207 0 0 0 35049 10317
35049 1301 0 0 0 35049 10317
35049 1302 0 0 0 35049 10317
35049 1304 0 0 0 35049 10317
35049 1305 0 0 0 35049 10317
35049 1306 0 0 0 35049 10317
35049 10102 0 0 0 35039 940700
35049 10204 0 0 0 35049 1001
35049 10205 0 0 0 35049 1001
35049 10304 0 0 0 35049 10317
35049 10308 0 0 0 35049 10317
35049 10309 0 0 0 35049 10317
35049 10310 0 0 0 35049 10317
35049 10311 0 0 0 35001 3733
35049 10312 0 0 0 35001 906
35049 10315 0 0 0 35049 10317
35049 10316 0 0 0 35049 1001
35049 10317 30 6 1 35049 10317
35049 10318 0 0 0 35049 10317
35049 10400 0 0 0 35049 1001
35049 10500 0 0 0 35049 1001
35049 10601 0 0 0 35049 10317
35049 10602 0 0 0 35049 10317
35049 10603 0 0 0 35049 10317
35049 10701 0 0 0 35049 10317
35049 10702 0 0 0 35049 1001
35049 10800 0 0 0 35049 1001
35049 10900 0 0 0 35049 10317
35049 940300 0 0 0 35028 400
35049 940400 0 0 0 35049 1001
35049 940500 0 0 0 35039 940700
35049 940600 0 0 0 35039 940700
35049 940900 0 0 0 35039 940700
35049 980000 0 0 0 35049 10317
35049 980200 0 0 0 35049 1001
35051 962200 11 0 1 35051 962200
35051 962300 0 0 0 35051 962200
35051 962401 0 0 0 35051 962200
35051 962402 0 0 0 35051 962200
35053 940000 0 0 0 35053 978301
35053 978100 0 0 0 35053 978301
35053 978200 0 0 0 35053 978301
35053 978301 22 0 1 35053 978301
35053 978302 0 0 0 35053 978301
35053 978303 0 0 0 35053 978301
35055 940000 0 0 0 35055 952701
35055 940101 0 0 0 35055 952701
35055 940102 0 0 0 35055 952701
35055 952101 0 0 0 35055 952701
35055 952102 0 0 0 35055 952701
35055 952300 0 0 0 35055 952701
35055 952601 0 0 0 35055 952701
35055 952602 0 0 0 35055 952701
35055 952701 30 6 1 35055 952701
35055 952702 0 0 0 35055 952701
35057 963201 0 0 0 35001 906
35057 963202 0 0 0 35001 906
35057 963601 0 0 0 35001 906
35057 963700 0 0 0 35001 906
35057 980000 0 0 0 35001 906
35059 950200 25 0 1 35059 950200
35061 940300 0 0 0 35001 906
35061 941400 0 0 0 35001 4900
35061 970101 0 0 0 35001 906
35061 970103 0 0 0 35001 906
35061 970104 0 0 0 35001 906
35061 970200 0 0 0 35001 906
35061 970302 0 0 0 35001 906
35061 970304 0 0 0 35001 906
35061 970305 0 0 0 35001 906
35061 970306 0 0 0 35001 906
35061 970307 0 0 0 35001 906
35061 970401 0 0 0 35001 906
35061 970404 0 0 0 35001 906
35061 970405 0 0 0 35001 906
35061 970701 0 0 0 35001 906
35061 970800 0 0 0 35001 906
35061 970901 0 0 0 35001 906
35061 970902 0 0 0 35001 906
35061 971000 0 0 0 35001 906
35061 971100 0 0 0 35001 906
35061 971301 0 0 0 35001 4900
35061 980100 0 0 0 35001 906
35061 980200 0 0 0 35001 906
35061 980300 0 0 0 35001 906
35061 980400 0 0 0 35001 4900
