# ExaEpi hospital-capacity data -- utilities/build_hospital_data.py
# source: HHS COVID-19 Hospital Capacity by Facility (anag-cw7u): staffed inpatient beds (beds) + staffed adult ICU beds (icu_beds)
# state=US year=2020 level=county week=2020-09-27
# columns: FIPS beds icu_beds n_hospitals
2373
1001 65 6 1
1003 363 32 3
1005 42 5 1
1007 30 0 1
1009 39 6 1
1011 73 0 1
1013 38 5 1
1015 312 22 3
1019 44 0 1
1021 36 6 1
1023 28 0 1
1025 95 0 3
1027 32 4 1
1031 93 6 1
1033 293 24 2
1035 35 0 1
1039 96 13 2
1041 32 0 1
1043 161 11 1
1045 57 5 1
1047 108 10 1
1049 75 12 1
1051 81 5 2
1053 90 14 2
1055 351 61 2
1057 24 0 1
1059 69 12 2
1061 49 0 1
1063 10 0 1
1065 21 0 1
1069 643 77 3
1071 87 10 1
1073 3816 388 11
1077 344 68 1
1079 27 0 1
1081 327 30 1
1083 92 10 1
1089 1214 112 2
1091 58 7 1
1093 64 4 2
1095 178 18 1
1097 1560 188 6
1099 56 8 1
1101 955 100 4
1103 257 19 1
1109 44 8 1
1111 16 0 1
1113 42 8 1
1115 44 5 1
1117 264 32 1
1119 31 0 1
1121 163 16 2
1123 80 6 2
1125 497 68 2
1127 157 12 1
1129 27 0 1
1131 21 0 1
1133 53 4 1
2020 659 58 3
2080 13 0 1
2090 81 13 1
2110 133 0 1
2120 103 9 2
2130 25 6 1
2150 16 0 1
2170 125 14 1
2210 6 0 1
2260 4 0 1
2280 12 0 1
4001 21 0 1
4003 110 20 4
4005 230 0 2
4007 48 8 2
4009 44 6 1
4012 27 0 1
4013 7615 924 37
4015 350 53 4
4017 151 20 2
4019 2162 266 9
4021 197 34 3
4023 25 0 1
4025 107 0 2
4027 233 28 1
5001 318 0 3
5003 36 0 1
5005 200 0 1
5007 525 89 3
5009 64 24 1
5011 17 0 1
5015 24 0 2
5017 10 0 1
5019 20 4 1
5021 14 0 1
5023 12 0 1
5027 25 4 1
5029 25 0 1
5031 375 56 2
5033 7 0 1
5035 22 0 1
5037 20 0 1
5041 43 0 2
5043 49 8 1
5045 191 32 2
5047 19 0 1
5049 25 0 1
5051 389 49 4
5055 129 0 1
5057 22 0 1
5059 41 0 1
5061 12 0 1
5063 160 13 1
5065 4 0 1
5067 52 0 1
5069 176 19 1
5071 30 0 1
5075 25 0 1
5081 25 0 1
5083 38 0 2
5093 28 0 2
5103 14 0 1
5107 40 6 1
5113 72 6 1
5115 110 11 1
5119 2328 340 10
5121 40 0 1
5123 20 0 1
5125 177 16 1
5127 19 0 1
5131 900 82 4
5137 25 0 1
5139 58 11 1
5141 25 0 1
5143 604 150 5
5145 181 17 2
5149 24 0 2
6001 2574 257 13
6005 51 6 1
6007 421 38 3
6009 40 11 1
6011 27 0 1
6013 1249 160 7
6015 52 6 1
6017 121 16 2
6019 1498 147 8
6021 47 0 1
6023 196 16 4
6025 202 22 2
6027 29 4 2
6029 992 138 10
6031 173 28 1
6033 55 9 2
6035 27 0 1
6037 18034 2201 85
6039 80 10 1
6041 279 30 4
6043 10 0 1
6045 128 16 3
6047 227 24 2
6049 12 0 2
6051 17 0 1
6053 616 43 4
6055 194 27 2
6057 107 10 2
6059 4790 536 28
6061 738 82 3
6063 35 0 3
6065 2911 344 17
6067 2279 304 10
6069 25 4 1
6071 3413 409 20
6073 5826 615 19
6075 1873 254 10
6077 1101 132 7
6079 387 43 4
6081 680 76 6
6083 648 99 5
6085 3000 424 8
6087 328 22 3
6089 521 48 5
6093 54 8 2
6095 518 51 4
6097 509 50 7
6099 1041 96 6
6103 54 8 1
6105 25 0 1
6107 488 55 4
6109 84 6 1
6111 1203 113 8
6113 152 14 2
6115 221 24 1
8001 1336 212 5
8005 1141 130 5
8007 11 0 1
8009 23 0 1
8013 645 79 5
8014 40 0 1
8015 14 0 1
8017 12 0 1
8021 6 0 1
8029 49 0 1
8031 1850 163 8
8035 601 72 4
8037 56 0 1
8041 1069 121 4
8043 37 4 1
8045 92 10 2
8049 10 0 1
8051 24 0 1
8055 13 0 1
8059 496 90 3
8061 24 0 1
8063 19 0 1
8067 104 12 2
8069 581 82 6
8071 14 0 1
8073 15 0 1
8075 22 4 1
8077 356 32 3
8081 10 0 1
8083 9 0 1
8085 85 25 1
8087 58 8 2
8089 25 0 1
8095 32 0 2
8097 21 4 1
8099 25 7 1
8101 367 55 2
8103 34 0 2
8105 10 0 1
8107 34 4 1
8117 35 0 1
8119 13 0 1
8123 434 82 2
8125 39 0 2
9001 2113 229 6
9003 2594 310 8
9005 200 42 2
9007 175 24 1
9009 2357 318 7
9011 446 76 2
9013 126 31 2
9015 98 17 2
10001 300 29 1
10003 1707 104 4
10005 291 29 2
11001 2884 355 10
12001 1564 308 3
12003 45 0 1
12005 739 55 3
12009 1960 167 8
12011 5536 432 14
12013 35 0 1
12015 835 50 3
12017 362 40 2
12019 594 54 3
12021 1051 74 2
12023 93 17 1
12027 80 8 1
12031 4195 458 8
12033 1717 135 4
12035 175 18 1
12037 83 0 1
12039 949 0 1
12045 55 0 1
12049 50 0 1
12051 33 4 1
12053 476 54 2
12055 364 31 2
12057 4671 431 11
12059 24 0 1
12061 1498 32 2
12063 122 11 1
12069 1106 104 3
12071 2714 152 6
12073 1118 66 3
12079 30 0 1
12081 763 74 3
12083 874 85 3
12085 521 57 1
12086 10517 842 22
12087 242 13 3
12089 92 8 1
12091 477 64 3
12093 100 8 1
12095 6578 509 5
12097 618 55 3
12099 4736 264 14
12101 1479 142 7
12103 3562 315 12
12105 2783 167 5
12107 95 10 1
12109 440 44 1
12111 632 66 2
12113 314 21 3
12115 1443 132 5
12117 272 40 2
12119 392 32 2
12123 68 0 1
12125 65 0 1
12127 1893 228 7
12131 269 22 2
12133 88 0 1
13001 62 5 1
13005 39 0 1
13009 93 12 1
13013 38 0 1
13015 119 21 1
13017 12 0 1
13019 23 0 1
13021 969 99 4
13023 22 0 1
13027 23 0 1
13031 126 32 1
13033 18 0 1
13035 14 0 1
13039 30 5 1
13043 40 0 1
13045 206 26 2
13047 32 0 1
13051 984 130 5
13055 149 14 1
13057 234 30 1
13059 550 78 3
13063 163 12 1
13065 21 0 1
13067 1016 147 3
13069 107 25 1
13071 166 13 2
13075 8 0 1
13077 140 36 2
13081 52 16 1
13087 30 6 1
13089 1449 185 5
13091 27 6 1
13095 322 56 1
13097 111 19 1
13103 25 0 1
13105 25 0 1
13107 25 8 1
13109 15 0 1
13111 27 5 1
13113 244 44 1
13115 551 91 2
13117 287 27 1
13119 48 8 1
13121 2552 532 10
13127 248 0 1
13129 89 10 1
13131 31 0 1
13133 25 0 1
13135 799 92 3
13137 35 4 1
13139 664 122 1
13143 23 0 1
13151 254 40 1
13153 247 36 2
13155 28 0 1
13159 11 0 1
13161 25 4 1
13163 24 0 1
13165 13 0 1
13173 25 0 1
13175 152 17 1
13179 27 0 1
13185 288 48 1
13187 40 0 1
13189 22 0 1
13193 40 0 1
13199 25 0 1
13201 25 0 1
13205 23 0 1
13207 25 0 1
13211 24 0 1
13213 36 0 1
13215 584 70 4
13217 88 10 1
13223 116 27 1
13225 25 0 1
13227 57 9 1
13233 25 0 1
13235 21 6 1
13237 23 0 1
13241 19 4 1
13245 1411 215 4
13247 142 18 1
13251 18 0 1
13253 24 0 1
13255 156 19 1
13257 46 6 1
13261 56 7 1
13267 25 0 1
13275 176 30 1
13277 168 19 1
13279 65 8 1
13281 27 0 1
13285 136 12 1
13291 38 0 1
13293 70 10 1
13297 71 9 1
13299 128 12 1
13303 25 0 1
13305 71 11 1
13313 196 22 1
13317 19 0 1
13321 23 0 1
15001 302 20 6
15003 1375 63 11
15007 95 11 3
15009 15 0 4
16001 1298 107 5
16005 165 20 1
16007 18 0 1
16009 14 0 1
16011 34 5 2
16013 61 0 1
16017 25 6 1
16019 458 45 3
16021 9 0 1
16023 14 0 1
16027 196 31 2
16029 12 0 1
16031 31 6 1
16035 20 0 1
16039 70 0 1
16041 19 0 1
16045 16 0 1
16047 16 0 1
16049 40 0 2
16053 57 0 1
16055 385 32 3
16057 25 6 1
16059 18 0 1
16065 64 4 1
16067 17 0 1
16069 117 9 1
16071 25 0 1
16077 10 0 1
16079 12 0 1
16081 42 0 1
16083 355 30 1
16085 61 0 2
16087 14 0 1
17001 327 32 1
17005 38 0 1
17011 66 0 2
17019 691 62 2
17021 30 0 2
17025 11 0 1
17027 30 0 1
17029 132 9 1
17031 13199 1654 49
17033 25 0 1
17037 260 28 3
17039 5 0 1
17043 1761 255 6
17045 25 0 1
17049 109 10 1
17051 23 0 1
17053 25 0 1
17055 16 0 1
17057 21 4 1
17061 21 0 1
17063 89 17 1
17065 11 0 1
17067 18 0 1
17069 25 0 1
17073 46 0 2
17075 25 0 1
17077 215 21 2
17081 106 18 2
17083 27 4 1
17085 13 0 1
17089 1105 131 5
17091 470 0 2
17095 77 9 2
17097 883 160 5
17099 172 11 3
17103 88 6 1
17105 44 7 1
17107 25 0 1
17109 50 19 1
17111 478 74 2
17113 315 20 2
17115 370 12 2
17117 44 0 2
17119 453 47 5
17121 64 8 2
17125 20 0 1
17127 25 0 1
17131 22 0 1
17135 50 4 2
17137 61 0 1
17141 13 0 1
17143 1315 158 4
17145 45 0 2
17147 16 0 1
17149 15 0 1
17157 73 0 3
17159 48 8 1
17161 365 30 2
17163 550 56 3
17165 25 0 2
17167 930 130 2
17169 6 0 1
17173 30 0 1
17177 100 8 1
17179 92 12 2
17181 12 0 1
17183 155 20 2
17185 25 0 1
17187 21 0 1
17189 22 0 1
17191 25 4 1
17195 138 0 2
17197 849 48 3
17199 243 26 2
17201 986 155 3
17203 11 0 1
18001 37 6 1
18003 1265 276 5
18005 168 17 1
18009 36 0 1
18011 51 20 1
18017 32 6 1
18019 166 14 1
18021 6 0 1
18023 25 0 1
18027 69 7 1
18029 52 8 1
18031 30 0 1
18033 29 8 1
18035 402 108 1
18037 138 26 1
18039 342 40 2
18043 236 32 1
18049 25 4 1
18051 44 6 1
18053 99 30 1
18055 25 5 1
18057 618 55 6
18059 86 38 1
18061 25 4 1
18063 333 60 2
18065 71 17 1
18067 210 18 2
18069 30 0 1
18071 217 39 1
18073 18 0 1
18075 33 0 1
18077 54 6 1
18079 7 0 1
18081 69 14 1
18083 144 30 1
18085 72 14 1
18087 21 0 1
18089 2057 191 12
18091 186 27 2
18093 71 8 2
18095 279 33 3
18097 3955 586 11
18099 77 7 2
18103 25 4 1
18105 376 38 2
18107 22 5 1
18109 79 10 1
18113 26 0 1
18117 48 0 1
18123 48 4 1
18127 195 32 1
18131 16 0 1
18133 25 10 1
18135 19 0 1
18137 25 0 1
18139 25 0 1
18141 670 65 2
18143 25 0 1
18145 56 14 1
18149 13 0 1
18151 34 0 1
18153 40 4 1
18157 353 60 2
18159 25 6 1
18163 1052 135 3
18165 25 4 1
18167 468 54 2
18169 16 0 1
18171 7 0 1
18173 159 0 2
18175 4 0 1
18177 221 30 1
18179 46 4 1
18181 36 0 1
18183 25 0 1
19001 4 0 1
19003 14 0 1
19005 20 0 1
19007 12 0 1
19009 17 0 1
19011 24 0 1
19013 477 40 3
19015 27 0 1
19017 41 0 2
19019 22 0 1
19021 17 0 1
19025 15 0 1
19027 54 4 2
19029 25 4 1
19033 264 18 1
19035 25 0 1
19037 11 0 1
19039 25 0 1
19041 60 9 1
19043 34 0 2
19045 128 16 2
19047 25 0 1
19049 12 0 1
19051 10 0 1
19053 11 0 1
19055 25 0 1
19057 132 10 1
19059 39 0 1
19061 348 40 3
19063 25 0 1
19065 40 0 2
19067 25 0 1
19069 12 0 1
19071 25 0 1
19073 15 0 1
19075 18 0 1
19077 12 0 1
19079 25 0 1
19081 20 0 1
19083 17 0 1
19085 10 0 1
19087 25 0 1
19089 18 0 1
19091 17 0 1
19093 12 0 1
19095 12 0 1
19097 12 0 1
19099 20 0 1
19101 25 0 1
19103 929 111 2
19105 22 0 1
19107 14 0 1
19109 23 0 1
19111 41 0 2
19113 645 73 2
19117 14 0 1
19119 14 0 1
19121 10 0 1
19123 25 0 1
19125 50 4 2
19127 24 0 1
19131 23 0 1
19133 15 0 1
19135 10 0 1
19137 29 9 1
19139 17 5 1
19141 52 0 2
19143 12 0 1
19145 41 0 2
19147 30 0 1
19149 15 0 1
19151 12 0 1
19153 1658 143 4
19155 190 32 2
19157 39 8 1
19159 16 0 1
19161 15 0 1
19163 499 42 3
19165 25 0 1
19167 79 0 4
19169 198 14 2
19175 46 0 1
19177 10 0 1
19179 79 0 1
19183 15 0 1
19185 25 0 1
19187 54 11 1
19191 25 0 1
19193 452 54 2
19197 43 0 2
20001 5 0 1
20003 12 0 1
20005 21 4 1
20007 19 0 2
20009 81 0 3
20013 25 0 1
20015 107 16 2
20019 18 0 1
20021 76 0 2
20025 33 0 2
20027 25 0 1
20029 19 0 1
20031 13 0 1
20035 32 0 2
20037 128 12 2
20039 12 0 1
20041 50 0 2
20045 204 0 1
20051 107 0 1
20053 18 0 1
20055 96 8 1
20057 18 5 1
20059 56 0 1
20061 35 0 1
20063 4 0 1
20065 15 0 1
20067 26 0 1
20071 18 0 1
20073 25 0 1
20077 7 0 1
20079 103 0 1
20081 15 0 1
20083 15 0 1
20085 12 0 1
20087 8 0 1
20089 25 0 1
20091 1034 72 8
20095 5 0 1
20097 6 0 1
20099 75 0 1
20103 21 5 2
20109 18 0 1
20111 37 6 1
20113 40 6 3
20115 20 0 2
20117 25 0 1
20119 5 0 1
20121 18 0 1
20123 33 0 1
20129 22 0 1
20131 34 0 2
20133 25 5 1
20135 42 0 2
20145 18 0 1
20147 25 0 1
20149 40 0 2
20151 35 6 1
20153 14 0 1
20155 190 0 1
20157 15 0 1
20159 19 0 1
20161 86 12 2
20163 22 0 1
20165 25 0 1
20167 25 0 1
20169 230 18 2
20171 20 0 1
20173 1660 250 9
20175 50 8 1
20177 589 56 2
20179 13 0 1
20181 25 0 1
20183 16 0 1
20185 25 0 1
20187 13 0 1
20191 9 0 1
20193 25 0 1
20201 50 0 2
20203 11 0 1
20205 9 0 2
20209 1098 165 3
21001 13 0 1
21003 25 0 1
21009 134 15 1
21013 30 15 2
21015 177 18 1
21017 58 4 1
21019 304 21 1
21021 182 25 2
21025 55 6 1
21027 25 0 1
21033 21 0 1
21035 100 20 1
21037 184 40 2
21041 29 0 1
21045 24 0 1
21047 116 15 1
21049 79 20 1
21053 20 0 1
21055 43 6 1
21057 25 0 1
21059 454 32 1
21065 28 0 1
21067 1825 253 5
21069 10 0 1
21071 133 16 3
21073 167 10 1
21081 8 0 1
21085 59 6 1
21087 25 0 1
21093 198 20 1
21095 75 7 1
21097 74 42 1
21099 21 0 1
21101 105 12 1
21107 135 30 2
21111 3054 357 5
21115 65 7 1
21117 517 44 1
21121 188 16 3
21125 112 62 1
21127 66 6 1
21131 19 0 1
21133 65 6 1
21137 18 0 1
21139 25 0 1
21141 45 6 1
21145 367 57 3
21151 92 12 2
21155 64 7 1
21161 65 6 1
21167 17 0 1
21171 49 0 1
21173 57 4 1
21175 14 0 1
21179 40 12 1
21183 25 4 1
21185 40 14 1
21193 342 32 1
21195 405 63 2
21199 206 36 1
21203 26 0 1
21205 89 14 1
21207 25 0 1
21209 36 10 1
21211 72 0 1
21213 25 0 1
21217 90 8 1
21221 11 0 1
21225 25 0 1
21227 511 77 3
21231 15 0 1
21239 16 0 1
22001 77 8 2
22003 37 0 2
22005 35 0 2
22007 7 0 1
22009 38 0 2
22011 52 7 1
22013 15 0 1
22015 45 8 1
22017 1470 321 8
22019 327 51 7
22021 80 0 2
22027 66 5 1
22029 50 8 1
22031 27 0 1
22033 1571 189 9
22035 19 0 1
22039 92 12 2
22041 30 0 1
22045 99 18 1
22049 13 0 1
22051 1850 419 8
22053 37 5 1
22055 942 84 7
22057 195 35 3
22059 41 0 2
22061 169 36 2
22063 57 0 1
22065 25 0 1
22067 10 0 1
22069 86 9 2
22071 964 157 7
22073 599 128 7
22077 23 0 1
22079 683 59 5
22081 52 0 1
22083 121 10 2
22085 16 0 1
22087 43 9 1
22089 24 6 1
22091 26 0 1
22093 27 0 1
22097 167 19 3
22099 20 0 1
22101 144 10 2
22103 684 93 8
22105 423 59 5
22109 326 50 4
22111 56 0 2
22113 66 7 2
22115 61 14 1
22117 73 11 2
22119 104 22 2
22123 31 0 1
22125 14 0 1
22127 55 5 1
23001 301 45 2
23003 145 18 4
23005 944 83 4
23007 34 0 1
23009 186 9 3
23011 234 4 2
23013 80 8 1
23015 31 4 1
23017 56 0 2
23019 446 68 3
23021 43 0 2
23025 55 4 2
23027 36 4 1
23029 33 0 2
23031 190 15 2
24001 172 28 1
24003 692 67 2
24005 974 105 4
24009 53 5 1
24013 140 10 1
24015 79 8 1
24017 106 8 1
24021 305 19 1
24023 36 4 1
24025 210 30 2
24027 344 30 1
24029 7 0 1
24031 1537 194 6
24033 674 124 4
24037 137 18 1
24041 72 7 1
24043 236 24 2
24045 361 86 2
24047 45 8 1
24510 3542 520 15
25001 416 49 2
25003 390 24 2
25005 1283 104 5
25007 28 6 1
25009 1104 87 6
25011 154 26 1
25013 1692 217 7
25015 150 19 1
25017 2952 268 13
25019 30 0 1
25021 920 57 5
25023 591 62 3
25025 5626 645 16
25027 2029 269 10
26003 14 0 1
26005 39 0 2
26007 134 9 1
26011 9 0 1
26013 15 0 1
26015 25 6 1
26017 298 32 2
26019 4 0 1
26021 317 48 2
26023 72 10 1
26025 228 26 3
26027 170 0 1
26029 25 0 1
26033 79 10 1
26035 53 0 1
26037 22 0 1
26039 35 6 1
26041 28 7 1
26043 49 4 1
26045 30 0 2
26047 238 48 1
26049 930 89 4
26051 27 0 1
26053 62 4 1
26055 438 90 1
26057 59 18 1
26059 55 4 1
26061 67 5 2
26063 106 4 3
26065 883 60 3
26067 22 0 1
26069 14 0 1
26071 25 0 1
26073 49 8 1
26075 328 86 1
26077 479 55 2
26079 8 0 1
26081 1483 143 4
26087 114 10 1
26091 50 10 1
26093 44 6 2
26095 33 0 1
26097 15 0 1
26099 1208 73 5
26101 39 0 1
26103 243 24 2
26105 44 6 1
26107 53 4 1
26111 241 43 1
26115 216 14 1
26117 86 8 4
26121 340 44 2
26123 24 11 1
26125 3754 258 12
26127 10 0 1
26129 78 10 1
26131 18 0 1
26133 24 4 1
26137 41 5 1
26139 206 24 3
26145 748 50 4
26147 289 26 3
26149 54 0 2
26151 62 0 3
26153 12 0 1
26155 81 7 1
26157 60 0 2
26159 31 0 2
26161 1638 154 5
26163 4639 493 17
26165 49 18 1
27001 25 4 1
27003 433 19 1
27005 37 8 1
27007 118 10 1
27011 39 0 2
27013 181 10 1
27015 79 0 2
27017 57 0 2
27019 100 8 1
27023 22 0 1
27025 82 10 1
27029 8 0 1
27031 16 0 1
27033 26 0 2
27035 156 36 2
27037 225 12 2
27041 65 7 1
27043 38 4 1
27047 107 12 1
27049 69 0 3
27051 6 0 1
27053 3177 270 9
27057 25 5 1
27059 39 0 1
27061 80 4 3
27063 20 0 1
27065 23 0 1
27067 59 8 1
27069 6 0 1
27071 25 0 1
27073 24 0 2
27075 32 0 1
27077 8 0 1
27079 5 0 1
27081 26 0 2
27083 50 4 2
27085 107 4 2
27087 10 0 1
27089 12 0 1
27091 29 0 1
27093 47 0 1
27095 25 0 1
27097 49 6 1
27101 14 0 1
27103 25 0 1
27105 54 0 1
27107 14 0 1
27109 1381 165 2
27111 70 5 2
27113 25 0 1
27115 9 0 1
27117 12 0 1
27119 65 5 2
27121 22 0 1
27123 1271 144 6
27127 32 0 1
27129 16 0 1
27131 17 0 1
27133 25 0 1
27135 35 0 1
27137 1131 115 8
27139 95 0 2
27141 27 0 1
27143 6 0 1
27145 505 59 4
27147 33 0 1
27149 25 0 1
27151 19 0 2
27153 42 0 2
27155 15 0 1
27157 12 0 1
27159 8 0 1
27161 12 0 1
27163 151 21 2
27165 63 0 2
27167 25 0 1
27169 49 9 1
27171 72 0 2
27173 31 0 2
28001 59 6 1
28003 222 24 1
28007 45 0 1
28011 30 6 1
28013 30 0 1
28017 5 0 1
28019 7 0 1
28023 25 0 1
28025 25 0 1
28027 100 10 1
28029 16 0 1
28031 25 0 1
28033 497 12 2
28035 424 64 2
28037 25 0 1
28039 38 6 1
28043 47 6 1
28045 40 6 1
28047 478 54 4
28049 1714 93 7
28051 8 0 1
28059 334 0 1
28063 10 0 1
28065 20 0 1
28067 130 13 1
28069 15 0 1
28071 247 0 1
28075 314 42 6
28077 6 0 1
28079 40 0 1
28081 387 46 1
28083 59 0 1
28085 69 6 1
28087 298 0 1
28089 19 7 1
28091 38 6 1
28093 11 0 1
28095 73 9 2
28097 27 0 1
28099 16 0 2
28103 25 0 1
28105 61 6 1
28107 65 0 1
28109 75 13 2
28113 110 24 1
28115 25 0 1
28117 160 0 1
28121 195 36 3
28123 42 0 2
28127 27 0 2
28133 63 0 2
28135 17 0 1
28139 35 0 1
28141 16 0 1
28145 114 0 1
28147 24 0 1
28149 114 24 2
28151 147 27 2
28153 57 6 1
28155 38 0 1
28157 16 0 1
28159 14 0 1
28161 26 0 1
28163 30 0 1
29001 61 16 1
29005 18 0 1
29007 20 0 1
29009 59 0 2
29011 25 0 1
29013 49 6 1
29019 904 156 3
29021 263 21 2
29023 200 14 1
29027 29 0 1
29029 100 18 1
29031 493 56 3
29033 6 0 1
29037 73 10 2
29039 5 0 1
29047 715 60 4
29049 58 5 1
29051 179 23 2
29055 42 6 1
29065 25 0 1
29071 248 52 1
29073 24 0 1
29075 19 0 1
29077 2181 395 3
29079 18 0 1
29081 33 0 1
29083 40 8 1
29091 43 12 2
29093 15 0 1
29095 2609 253 10
29097 902 76 4
29099 587 111 2
29101 50 8 1
29105 86 13 1
29107 25 0 1
29109 89 0 1
29113 94 12 1
29115 25 0 1
29117 25 4 1
29121 25 0 1
29123 18 0 1
29127 115 20 1
29143 93 12 1
29147 52 0 1
29155 49 7 1
29157 29 0 1
29159 136 9 1
29161 159 12 1
29163 25 0 1
29165 139 12 1
29167 82 10 1
29175 42 6 1
29177 8 0 1
29183 482 46 5
29185 12 0 1
29186 25 0 1
29187 95 6 2
29189 4240 477 10
29195 48 7 1
29199 15 0 1
29207 14 0 1
29211 25 0 1
29213 113 18 1
29215 55 4 1
29217 45 6 1
29221 25 0 1
29510 1937 268 6
30001 18 0 1
30003 18 0 1
30007 29 0 1
30009 10 0 1
30011 25 0 1
30013 368 21 2
30015 25 0 2
30017 24 5 1
30019 5 0 1
30021 25 0 1
30023 36 0 1
30025 5 0 1
30027 40 0 1
30029 217 30 3
30031 105 20 2
30035 20 0 1
30039 25 0 1
30041 20 0 1
30047 47 0 2
30049 81 8 1
30051 25 0 1
30053 16 0 1
30055 5 0 1
30057 17 0 2
30059 13 0 1
30061 25 0 1
30063 140 16 2
30065 25 0 1
30067 22 0 1
30071 6 0 1
30073 15 0 1
30077 16 0 1
30079 22 0 1
30081 53 0 1
30083 25 0 1
30085 69 0 3
30087 11 0 1
30089 16 0 1
30091 19 0 1
30093 73 11 1
30095 14 0 1
30097 25 0 1
30099 5 0 1
30101 21 0 1
30105 25 0 1
30107 25 0 1
30111 522 48 3
31001 126 10 1
31015 16 0 1
31017 24 0 1
31019 185 33 2
31021 16 0 1
31023 23 0 1
31033 29 4 1
31037 10 0 1
31039 25 0 1
31041 23 0 2
31047 43 0 3
31055 916 259 13
31065 16 0 1
31067 27 0 1
31069 10 0 1
31079 86 10 2
31089 40 0 2
31093 10 0 1
31095 19 0 1
31099 11 0 1
31101 18 0 1
31105 8 0 1
31107 16 0 1
31109 325 149 5
31111 116 32 1
31119 127 38 1
31123 12 0 1
31129 25 0 1
31131 15 0 2
31133 10 0 1
31139 36 0 2
31143 7 0 1
31147 26 0 1
31149 20 0 1
31151 11 0 1
31153 76 9 2
31157 131 26 1
31161 10 0 1
31169 17 0 1
31175 17 0 1
31179 12 0 1
31185 8 0 2
32001 25 4 1
32003 5498 608 23
32005 23 4 1
32007 75 7 1
32013 33 0 1
32015 10 0 1
32017 7 0 1
32019 12 0 1
32021 11 0 1
32023 25 0 1
32027 17 0 1
32031 1227 145 6
32033 22 0 1
32510 188 18 2
33001 69 6 1
33003 58 4 2
33005 78 6 1
33007 60 5 3
33009 590 84 5
33011 1119 97 5
33013 292 19 3
33015 378 36 3
33017 243 16 2
33019 15 0 1
34001 752 64 3
34003 2294 224 7
34005 639 80 5
34007 2080 226 4
34009 88 8 1
34011 466 56 1
34013 2266 342 8
34015 96 7 1
34017 966 97 6
34019 201 16 1
34021 592 93 4
34023 1928 205 6
34025 1380 136 5
34027 1391 103 4
34029 935 96 5
34031 1020 153 2
34033 41 12 1
34035 399 28 2
34037 173 11 1
34039 825 80 4
34041 181 27 2
35001 1377 190 7
35005 126 19 2
35006 25 0 1
35007 25 4 1
35009 81 7 1
35013 350 50 3
35015 131 12 2
35017 25 6 1
35019 10 0 1
35025 44 7 2
35027 47 6 1
35028 24 4 1
35029 25 5 1
35031 60 7 1
35035 104 10 1
35037 12 0 1
35039 32 5 1
35041 16 0 1
35043 59 11 1
35045 140 14 1
35047 27 4 1
35049 224 4 2
35051 10 0 1
35053 24 0 1
35055 45 6 1
35059 29 0 1
36001 470 28 1
36003 73 10 2
36005 4001 397 6
36007 689 78 2
36009 128 0 1
36011 127 19 1
36013 181 11 3
36015 174 20 1
36017 32 0 1
36021 75 10 1
36023 77 0 1
36025 52 0 3
36027 463 32 2
36029 1931 249 6
36031 25 0 1
36033 158 12 2
36035 32 8 1
36037 82 0 1
36043 12 0 1
36045 160 9 3
36047 3913 274 11
36049 50 6 1
36051 36 8 1
36053 51 6 2
36055 2490 204 4
36057 118 11 1
36059 2732 336 8
36061 7907 885 14
36063 281 12 3
36065 62 0 3
36067 1469 162 3
36069 275 14 3
36071 688 127 4
36073 52 0 1
36075 123 17 1
36077 53 0 2
36079 127 10 1
36081 4126 482 7
36083 174 21 1
36085 925 76 2
36087 518 91 3
36089 184 4 5
36091 183 0 1
36093 429 44 2
36095 31 0 1
36097 26 0 1
36101 106 0 3
36103 2594 306 9
36105 87 19 1
36109 162 16 1
36111 153 13 3
36113 206 22 1
36117 112 0 1
36119 2125 154 10
36123 18 0 1
37001 220 20 1
37005 5 0 1
37007 15 0 1
37009 25 0 1
37011 8 0 1
37013 54 10 1
37015 6 0 1
37017 27 4 1
37019 139 5 2
37021 748 91 2
37023 81 19 1
37025 503 64 1
37027 86 12 1
37031 89 10 1
37035 404 40 2
37037 20 4 1
37039 30 6 1
37041 29 4 1
37045 262 18 1
37047 68 6 1
37049 309 23 1
37051 704 73 2
37055 17 0 1
37057 267 30 2
37059 39 0 1
37061 34 9 1
37063 1194 82 4
37065 60 8 1
37067 2107 241 3
37071 414 27 1
37077 48 6 1
37081 1223 146 4
37083 163 14 1
37085 103 14 1
37087 100 10 1
37089 255 28 2
37091 76 8 1
37093 49 4 1
37097 333 36 3
37099 95 9 1
37101 176 58 1
37105 53 8 1
37107 261 14 1
37109 113 10 1
37111 25 0 1
37113 37 9 2
37117 18 6 1
37119 2952 252 9
37121 32 0 1
37123 12 0 1
37125 392 46 1
37127 318 21 2
37129 764 62 1
37133 142 12 1
37135 779 134 1
37139 120 10 1
37141 18 0 1
37145 16 6 1
37147 888 120 1
37149 13 0 1
37151 54 0 1
37155 295 25 1
37157 108 8 1
37159 269 22 1
37161 125 10 1
37163 68 8 1
37165 104 8 1
37167 84 10 1
37169 14 0 1
37171 159 18 2
37173 17 0 1
37175 30 9 1
37179 176 14 1
37181 90 8 1
37183 1359 284 4
37187 12 0 1
37189 96 10 1
37191 248 16 1
37193 112 7 1
37195 138 16 1
38001 12 0 1
38003 25 0 1
38009 19 0 1
38011 16 0 1
38015 398 26 2
38017 787 138 3
38019 8 0 1
38021 9 0 1
38023 5 0 1
38029 7 0 1
38031 6 0 1
38035 210 16 2
38037 33 0 1
38039 7 0 1
38051 14 0 2
38053 8 0 1
38055 49 0 2
38057 13 0 1
38059 23 0 1
38061 11 0 1
38063 8 0 1
38067 19 0 1
38069 15 0 1
38071 32 0 1
38073 20 0 1
38079 13 0 1
38085 8 0 1
38089 19 0 1
38093 64 0 1
38095 6 0 1
38097 20 0 2
38099 24 0 2
38101 126 14 2
38103 10 0 1
38105 41 4 2
39001 25 0 1
39003 633 108 5
39005 47 8 1
39007 128 19 3
39009 43 7 1
39011 29 6 1
39013 25 0 1
39017 612 97 4
39021 31 0 1
39023 382 36 2
39025 177 17 1
39027 54 6 1
39029 183 20 2
39031 20 4 1
39033 48 11 2
39035 5297 751 19
39037 30 6 1
39039 68 4 3
39041 302 33 2
39043 208 34 1
39045 187 46 2
39047 25 6 1
39049 4158 498 11
39051 21 7 1
39053 121 14 1
39055 141 20 2
39057 140 17 2
39059 56 11 1
39061 3072 368 11
39063 124 34 1
39065 10 0 1
39067 10 0 1
39069 20 0 1
39071 45 0 2
39073 25 5 1
39075 31 4 1
39077 102 24 2
39079 24 0 1
39081 107 20 1
39083 62 12 1
39085 176 26 1
39089 248 79 2
39091 33 7 1
39093 581 66 5
39095 2351 346 7
39097 30 13 1
39099 968 79 5
39101 147 15 1
39103 168 12 2
39107 38 5 1
39109 160 14 2
39113 1823 279 8
39117 24 0 1
39119 196 24 1
39123 25 5 1
39125 22 0 1
39129 47 8 1
39131 21 0 1
39133 118 14 1
39139 234 25 3
39141 163 12 1
39143 121 18 2
39145 181 28 2
39147 95 14 2
39149 30 7 1
39151 759 151 5
39153 1731 167 6
39155 375 57 2
39157 92 10 2
39159 41 17 1
39161 15 4 1
39165 193 28 1
39167 176 12 2
39169 140 30 2
39171 38 5 2
39173 33 6 1
39175 23 6 1
40005 30 0 1
40007 12 0 1
40009 66 6 1
40011 59 0 2
40013 138 14 1
40015 52 0 2
40017 85 9 1
40019 308 25 2
40021 90 14 1
40023 37 0 1
40027 421 36 4
40029 20 0 1
40031 247 21 2
40035 15 0 1
40037 40 0 2
40039 31 0 2
40041 59 6 1
40043 20 0 1
40045 12 0 1
40047 242 18 3
40049 26 0 1
40051 17 0 1
40055 18 0 1
40057 14 0 1
40059 10 0 1
40063 15 0 1
40065 69 6 1
40067 10 0 1
40069 15 0 1
40071 54 10 2
40073 93 0 1
40075 19 0 1
40079 12 0 1
40081 52 0 2
40083 85 0 1
40085 30 0 1
40087 12 0 1
40089 25 0 1
40093 18 0 1
40095 13 0 1
40097 18 0 1
40099 26 0 1
40101 185 69 2
40103 18 0 1
40105 9 0 1
40109 2584 369 24
40111 33 0 2
40113 313 33 4
40115 81 5 1
40117 14 0 1
40119 115 9 2
40121 92 14 1
40123 214 36 1
40125 76 26 2
40127 24 0 1
40131 49 6 1
40135 57 0 1
40137 90 8 1
40139 10 0 1
40143 2258 323 13
40145 16 0 1
40147 101 8 1
40149 12 0 1
40151 21 0 1
40153 22 6 1
41001 11 0 1
41003 160 12 1
41005 350 33 3
41007 65 9 2
41011 117 0 3
41013 12 0 1
41015 16 0 1
41017 254 0 1
41019 130 16 1
41025 6 0 1
41029 540 60 3
41031 18 0 1
41033 137 18 1
41035 106 18 1
41039 591 68 5
41041 37 10 2
41043 85 18 2
41045 21 6 1
41047 627 70 3
41049 13 0 1
41051 1837 214 8
41053 5 0 1
41057 25 4 1
41059 67 5 2
41063 15 0 1
41065 29 0 1
41067 1029 92 4
41071 87 10 2
42001 76 8 1
42003 3231 629 20
42005 49 0 1
42007 243 0 2
42011 847 53 3
42013 71 36 3
42015 239 38 3
42017 850 104 6
42019 294 35 1
42021 445 25 3
42025 79 6 1
42027 136 24 1
42029 874 97 5
42031 35 7 1
42033 168 26 2
42037 16 0 2
42039 11 14 2
42041 85 12 2
42043 1290 166 3
42045 1128 140 5
42047 13 0 1
42049 760 101 5
42055 342 34 2
42059 12 0 1
42061 57 0 1
42063 126 0 1
42065 80 0 2
42069 199 15 3
42071 797 26 3
42075 159 18 1
42077 1092 135 4
42079 299 12 4
42081 291 51 3
42083 14 5 1
42085 196 7 4
42089 311 36 2
42091 1788 176 10
42093 30 0 2
42095 639 63 3
42101 5319 771 19
42105 11 0 1
42107 217 26 3
42111 76 0 3
42115 46 0 2
42117 11 0 1
42119 111 9 1
42123 35 6 1
42125 378 31 4
42127 51 8 1
42129 539 39 5
42133 872 84 5
44003 182 12 1
44005 92 7 1
44007 1441 121 7
44009 210 17 2
45001 18 0 1
45003 150 21 1
45005 25 0 1
45007 325 61 1
45013 241 24 2
45015 40 6 1
45019 1665 262 7
45021 20 6 1
45023 13 0 1
45025 49 9 1
45027 41 6 1
45029 89 8 1
45031 113 12 2
45033 42 8 1
45037 25 0 1
45041 662 111 4
45043 149 28 2
45045 1232 177 8
45047 206 39 1
45049 32 6 1
45051 683 104 3
45053 41 17 1
45055 76 10 1
45057 83 16 1
45059 48 8 1
45063 569 75 2
45067 43 8 1
45071 44 7 1
45073 146 12 1
45075 162 16 1
45077 104 15 2
45079 727 108 4
45083 636 76 3
45085 179 17 1
45087 15 0 1
45089 21 0 1
45091 288 32 1
46005 37 6 1
46007 14 0 1
46009 21 0 2
46011 7 0 1
46013 155 8 2
46015 25 0 1
46023 34 0 2
46027 25 0 1
46029 81 8 1
46033 6 0 1
46035 41 8 1
46037 20 0 1
46039 10 0 1
46041 8 0 1
46043 11 0 1
46045 12 0 1
46047 6 0 1
46049 12 0 1
46051 16 0 1
46053 30 0 2
46055 11 0 1
46065 16 0 1
46067 21 0 2
46073 6 0 1
46077 6 0 1
46079 9 0 1
46081 15 0 2
46083 11 0 1
46089 4 0 1
46091 12 0 1
46093 22 0 1
46099 629 75 7
46103 333 32 3
46109 12 0 1
46115 19 0 1
46125 12 0 1
46127 20 0 1
46135 69 11 1
47001 175 25 1
47003 57 8 1
47005 30 0 1
47007 26 0 1
47009 276 24 1
47011 207 24 1
47013 89 12 2
47015 49 0 1
47017 65 6 1
47019 74 8 1
47021 12 0 1
47025 26 5 1
47029 32 5 1
47031 140 14 2
47035 115 12 1
47037 3725 597 9
47041 18 0 1
47043 152 12 1
47045 142 14 1
47051 84 11 1
47053 39 4 1
47055 34 5 1
47059 124 10 1
47063 112 12 1
47065 1513 210 4
47067 10 0 1
47069 26 0 1
47071 52 0 1
47073 26 4 1
47077 18 0 1
47079 58 6 1
47081 8 0 1
47083 25 0 1
47085 25 0 1
47089 58 6 1
47093 1820 216 6
47097 30 0 1
47099 73 6 1
47103 49 6 1
47105 41 5 1
47107 72 6 1
47111 25 0 1
47113 653 77 1
47117 12 0 1
47119 378 47 1
47123 54 7 1
47125 249 21 1
47131 147 32 1
47133 81 6 1
47135 40 0 1
47141 304 42 1
47143 27 5 1
47145 44 6 1
47147 124 15 1
47149 661 111 3
47151 12 0 1
47155 58 8 1
47157 3134 355 10
47159 37 0 1
47163 894 99 4
47165 356 46 2
47167 141 13 1
47169 11 0 1
47171 10 0 1
47177 60 8 1
47179 464 43 2
47181 50 0 1
47183 47 9 1
47185 32 4 1
47187 185 20 1
47189 87 12 1
48001 209 10 1
48003 34 0 1
48005 235 38 3
48013 25 4 1
48015 23 0 1
48017 20 0 1
48021 18 0 2
48023 40 0 1
48025 91 11 1
48027 863 102 3
48029 4039 561 17
48035 36 0 1
48037 653 61 3
48039 112 15 3
48041 668 39 5
48043 34 0 1
48049 119 5 1
48051 18 0 1
48053 80 8 2
48055 66 0 2
48057 22 6 1
48061 1040 146 5
48063 17 0 1
48069 32 0 1
48071 39 0 2
48073 148 6 2
48075 27 0 1
48077 28 0 1
48079 19 0 1
48083 31 0 1
48085 1589 207 14
48087 34 0 1
48089 34 0 2
48091 83 8 2
48093 72 0 1
48095 18 0 1
48097 72 5 2
48099 18 0 1
48103 19 0 1
48109 13 0 1
48111 22 0 1
48113 5683 637 30
48115 14 0 1
48117 44 0 1
48121 895 95 11
48123 44 7 2
48127 59 0 1
48133 30 0 1
48135 531 46 3
48139 171 18 2
48141 1777 227 12
48143 39 5 1
48145 24 0 1
48147 31 0 1
48149 54 0 1
48151 21 0 1
48153 9 0 1
48157 722 91 7
48161 36 0 1
48163 30 0 1
48165 28 0 1
48167 673 108 2
48171 32 4 1
48177 14 0 1
48179 115 4 1
48181 451 68 4
48183 240 57 3
48185 19 0 1
48187 102 20 1
48189 74 5 1
48193 28 0 1
48195 11 0 1
48197 26 0 1
48199 7 0 1
48201 11708 1467 43
48207 27 0 1
48209 341 41 3
48211 17 0 1
48213 61 8 1
48215 2356 254 7
48217 31 0 1
48219 25 0 1
48221 78 12 1
48223 84 10 1
48225 33 0 1
48227 88 7 1
48231 120 15 1
48233 28 0 1
48237 17 0 1
48239 12 0 1
48241 34 0 1
48245 700 49 5
48249 58 8 1
48251 334 32 3
48253 18 0 1
48255 23 0 1
48257 51 8 1
48265 105 9 1
48267 26 0 1
48273 77 9 1
48275 12 0 1
48277 146 16 1
48279 29 0 1
48281 48 0 1
48285 15 0 1
48291 12 0 1
48293 50 0 2
48299 25 0 1
48303 1273 177 6
48305 19 0 1
48307 12 0 1
48309 444 55 2
48313 26 0 1
48317 13 0 1
48321 73 6 2
48323 68 12 1
48325 35 0 1
48329 341 28 1
48335 36 0 1
48337 28 0 1
48339 742 104 8
48341 27 0 1
48347 308 23 2
48349 38 10 1
48353 52 7 1
48355 1428 162 4
48357 34 0 1
48363 49 7 1
48365 34 0 1
48367 45 10 1
48369 7 0 1
48371 62 0 2
48373 30 5 1
48375 1094 148 4
48383 5 0 1
48389 29 0 1
48391 21 0 1
48397 53 6 1
48399 23 0 2
48401 37 0 1
48403 18 0 1
48405 15 0 1
48413 18 0 1
48415 48 0 1
48423 1204 184 6
48425 8 0 1
48427 73 0 1
48429 32 0 1
48433 14 0 1
48435 34 0 1
48437 60 0 1
48439 4384 472 27
48441 428 33 3
48445 25 0 1
48447 11 0 1
48449 100 8 1
48451 512 37 2
48453 2395 279 15
48457 20 0 1
48461 167 0 2
48463 26 6 1
48465 82 4 1
48469 361 58 4
48471 59 5 1
48475 53 0 1
48477 59 0 1
48479 439 103 3
48481 30 4 1
48483 58 0 2
48485 461 36 4
48487 34 0 1
48491 656 99 5
48493 58 4 1
48495 20 0 1
48497 116 21 1
48499 58 0 2
48501 39 0 1
48503 61 0 2
49001 35 0 2
49003 52 0 2
49005 156 14 2
49007 58 11 1
49011 292 12 4
49013 32 0 1
49017 15 0 1
49021 41 6 1
49023 29 0 1
49027 32 0 2
49035 2454 354 12
49037 29 0 2
49039 42 0 2
49041 33 0 1
49043 35 4 1
49045 41 0 1
49047 31 8 1
49049 788 86 6
49051 14 0 1
49053 284 32 1
49057 505 30 2
50001 50 0 1
50003 106 10 1
50005 28 4 1
50007 504 42 1
50011 73 18 1
50015 32 0 1
50017 28 0 1
50019 39 5 1
50021 112 10 1
50023 89 14 1
50025 60 0 2
50027 60 0 2
51001 46 10 1
51003 150 16 1
51005 110 10 1
51013 394 34 1
51015 188 14 1
51017 8 0 1
51019 26 6 1
51027 15 0 1
51041 923 93 2
51047 98 6 1
51057 31 7 1
51059 1602 259 4
51061 66 10 1
51067 25 4 1
51071 25 4 1
51073 104 12 1
51083 107 9 1
51085 378 23 1
51087 1224 98 3
51095 185 23 2
51103 47 0 1
51107 271 32 2
51117 59 10 1
51121 231 22 2
51127 110 0 1
51139 25 0 1
51147 88 8 1
51153 254 24 2
51155 61 9 1
51171 25 0 1
51177 141 12 1
51179 100 6 1
51185 135 12 2
51187 30 8 1
51197 57 6 1
51510 316 56 1
51540 662 110 1
51550 310 28 1
51590 255 42 1
51595 19 0 1
51620 32 0 1
51630 471 38 1
51640 86 10 1
51650 224 24 1
51660 238 16 1
51670 124 12 1
51678 25 5 1
51680 490 49 1
51683 134 21 1
51700 528 78 3
51710 1343 137 6
51730 205 22 1
51740 289 33 1
51760 1273 150 3
51770 720 83 1
51775 354 36 1
51800 172 12 1
51810 523 40 2
51840 454 48 1
53001 8 0 2
53003 25 4 1
53005 136 14 3
53007 222 20 4
53009 62 9 2
53011 649 64 2
53013 16 0 1
53015 180 16 1
53021 29 6 1
53023 33 0 1
53025 90 0 4
53027 73 8 2
53029 19 0 1
53031 29 6 1
53033 3498 371 19
53035 101 0 1
53037 61 20 1
53039 50 0 2
53041 8 0 2
53043 33 0 2
53045 25 10 1
53047 38 0 3
53049 7 0 1
53051 24 0 1
53053 2313 219 6
53055 10 0 1
53057 269 0 3
53061 74 4 4
53063 491 41 5
53067 87 10 2
53073 246 43 1
53075 37 4 2
53077 298 23 3
54001 20 0 1
54003 166 20 1
54005 25 0 1
54007 17 0 1
54011 669 116 3
54013 18 0 1
54019 50 0 2
54023 25 4 1
54025 60 12 1
54027 14 0 1
54029 226 35 2
54033 292 20 1
54035 25 0 1
54037 25 5 1
54039 1136 167 5
54041 50 6 1
54045 103 12 1
54047 20 5 1
54051 94 9 1
54053 89 5 1
54055 109 18 1
54057 25 4 1
54061 873 133 3
54065 25 0 1
54067 25 6 1
54069 290 30 1
54075 20 0 1
54077 24 0 1
54081 402 35 2
54083 49 9 1
54087 22 0 1
54089 8 0 1
54091 25 0 1
54095 12 0 1
54097 42 7 1
54101 15 0 1
54103 45 5 1
54107 281 18 1
55001 10 0 1
55003 48 4 1
55005 99 5 3
55009 730 112 4
55013 9 0 1
55015 11 0 1
55017 59 0 3
55019 20 0 1
55021 63 10 2
55023 33 0 1
55025 1336 121 5
55027 123 8 3
55029 33 9 1
55031 25 0 1
55033 31 0 1
55035 473 41 4
55039 128 12 2
55043 66 0 3
55045 59 6 1
55047 25 6 1
55049 20 0 1
55053 25 0 1
55055 32 0 1
55057 26 0 1
55059 309 43 2
55063 503 56 2
55065 25 0 1
55067 36 4 1
55069 34 0 2
55071 111 10 2
55073 355 62 2
55075 59 10 1
55079 3171 535 9
55081 57 0 2
55083 46 0 2
55085 183 16 3
55087 325 36 3
55089 252 65 2
55091 34 0 1
55093 22 0 1
55095 76 0 3
55097 82 0 2
55099 25 0 1
55101 313 37 3
55103 25 0 1
55105 352 52 4
55107 10 0 1
55109 94 0 3
55111 83 11 3
55113 25 0 1
55115 21 0 1
55117 190 19 2
55121 28 0 2
55123 33 0 2
55125 12 0 1
55127 83 12 2
55129 37 0 2
55131 142 29 2
55133 725 69 4
55135 18 4 1
55137 12 0 1
55139 202 26 3
55141 364 43 2
56001 89 7 1
56003 32 0 2
56005 64 7 1
56007 25 6 1
56009 50 0 1
56011 20 0 1
56013 146 10 1
56015 24 0 1
56017 15 4 1
56019 25 0 1
56021 250 15 1
56023 76 0 2
56025 240 14 2
56027 24 0 1
56029 61 6 2
56031 23 0 1
56033 157 11 1
56037 51 9 1
56039 48 6 1
56041 44 0 1
56043 16 0 1
56045 12 0 1
66010 259 10 2
69000 55 0 1
72005 147 15 1
72009 127 6 1
72013 293 14 2
72021 1137 87 4
72025 593 43 2
72031 184 8 1
72035 225 8 1
72053 208 10 2
72059 116 7 1
72061 34 5 1
72069 370 16 3
72081 15 0 1
72091 541 25 2
72097 329 48 3
72099 103 5 1
72113 738 77 4
72125 228 18 2
72127 2069 217 18
72141 32 0 1
72145 164 6 1
72153 64 11 1
78010 56 12 1
78020 132 8 1
