# ExaEpi hospital-capacity data -- utilities/build_hospital_data.py
# source: HHS COVID-19 Hospital Capacity by Facility (anag-cw7u): staffed inpatient beds (beds) + staffed adult ICU beds (icu_beds)
# state=US year=2021 level=county week=2021-12-26
# columns: FIPS beds icu_beds n_hospitals
2448
1001 89 6 1
1003 375 32 3
1005 43 5 1
1007 30 0 1
1009 44 6 1
1011 61 0 1
1013 39 7 1
1015 278 21 3
1017 25 0 1
1019 45 0 1
1021 35 6 1
1023 28 0 1
1025 96 0 3
1027 41 4 1
1031 60 9 1
1033 287 18 2
1035 29 0 1
1039 96 13 2
1041 32 0 1
1043 161 11 1
1045 48 5 1
1047 107 10 1
1049 65 8 1
1051 76 0 2
1053 102 14 2
1055 363 52 2
1057 26 0 1
1059 51 6 2
1061 57 6 1
1063 10 0 1
1065 21 0 1
1069 595 64 3
1071 77 10 1
1073 3721 517 11
1077 228 40 1
1079 32 0 1
1081 276 28 1
1083 129 10 2
1089 1274 119 2
1091 57 5 1
1093 67 4 2
1095 166 19 1
1097 1518 168 6
1099 47 8 1
1101 956 102 4
1103 258 19 1
1109 52 9 1
1111 16 0 1
1113 38 8 1
1115 44 6 1
1117 205 32 1
1119 31 0 1
1121 140 16 2
1123 74 6 2
1125 519 58 2
1127 157 12 1
1129 28 0 1
1131 21 0 1
1133 49 0 1
2020 541 55 3
2080 13 0 1
2090 81 13 1
2110 133 9 1
2120 75 9 2
2130 25 4 1
2150 25 0 1
2170 160 14 1
2210 6 0 1
2260 4 0 1
2280 12 0 1
4001 18 0 1
4003 130 20 4
4005 262 41 2
4007 76 11 2
4009 35 6 1
4012 35 0 1
4013 9645 1170 40
4015 527 66 4
4017 137 23 2
4019 1844 289 11
4021 269 40 3
4023 10 0 1
4025 263 48 2
4027 260 42 1
5001 307 0 3
5003 25 6 1
5005 245 19 2
5007 276 33 3
5009 64 12 1
5011 25 0 1
5015 36 0 2
5017 25 0 1
5019 20 0 1
5021 25 0 1
5023 12 0 1
5027 26 4 1
5029 25 0 1
5031 446 74 2
5033 12 0 1
5035 22 0 1
5037 17 0 1
5039 25 0 1
5041 41 0 2
5043 49 8 1
5045 199 37 2
5047 15 0 1
5049 25 0 1
5051 391 39 4
5055 95 10 1
5057 46 8 1
5059 26 0 1
5061 12 0 1
5063 124 13 1
5065 10 0 1
5067 52 0 1
5069 226 18 1
5071 42 5 1
5081 25 0 1
5083 38 0 2
5093 70 0 2
5103 32 4 1
5107 24 0 1
5113 26 4 1
5115 110 11 1
5119 2383 348 10
5121 40 0 1
5123 58 6 1
5125 202 25 2
5127 17 0 1
5131 542 72 4
5137 25 0 1
5139 52 13 1
5141 25 0 1
5143 610 88 5
5145 205 27 2
5149 66 0 2
6001 2589 242 13
6005 53 6 1
6007 445 38 3
6009 42 8 1
6011 30 0 1
6013 1182 148 7
6015 53 6 1
6017 111 10 2
6019 1633 170 8
6021 47 0 1
6023 204 21 4
6025 217 32 2
6027 29 0 2
6029 966 122 10
6031 147 13 1
6033 52 8 2
6035 25 0 1
6037 17158 1963 84
6039 80 10 1
6041 272 30 4
6043 8 0 1
6045 91 11 3
6047 227 24 2
6049 12 0 2
6051 17 0 1
6053 630 48 4
6055 124 19 2
6057 94 10 2
6059 4839 544 28
6061 814 100 3
6063 35 0 3
6065 3223 408 17
6067 2374 301 10
6069 25 4 1
6071 3172 470 20
6073 5630 596 19
6075 2106 252 10
6077 1074 115 7
6079 280 36 4
6081 626 74 6
6083 683 76 5
6085 3096 341 8
6087 279 18 3
6089 440 55 5
6093 56 8 2
6095 584 72 4
6097 554 59 6
6099 1010 102 6
6103 52 8 1
6105 25 0 1
6107 472 59 4
6109 72 6 1
6111 1079 109 8
6113 134 13 2
6115 239 24 1
8001 1468 222 6
8003 42 6 1
8005 1161 134 5
8007 5 0 1
8009 12 0 1
8013 632 94 5
8014 33 0 1
8015 25 0 1
8017 6 0 1
8021 12 0 1
8029 49 6 1
8031 1829 152 8
8035 671 74 4
8037 56 5 1
8041 1132 131 4
8043 37 4 1
8045 98 10 2
8049 22 0 1
8051 24 0 1
8055 20 0 1
8059 530 112 3
8061 25 0 1
8063 19 0 1
8065 7 0 1
8067 104 12 2
8069 641 64 6
8071 21 4 1
8073 15 0 1
8075 25 4 1
8077 320 44 3
8081 25 4 1
8083 24 4 1
8085 48 8 1
8087 56 6 2
8089 20 4 1
8095 50 0 2
8097 20 4 1
8099 18 0 1
8101 417 61 2
8103 34 0 2
8105 12 0 1
8107 36 4 1
8115 7 0 1
8117 35 0 1
8119 13 0 1
8123 329 52 2
8125 31 0 2
9001 1722 168 6
9003 2497 290 9
9005 152 42 2
9007 185 24 1
9009 2314 283 8
9011 430 35 2
9013 63 7 2
9015 112 6 2
10001 300 29 1
10003 1949 124 4
10005 537 39 3
11001 2765 306 10
12001 1558 306 3
12003 22 0 1
12005 438 68 3
12009 1457 175 8
12011 4177 453 15
12013 10 0 1
12015 663 59 3
12017 332 40 2
12019 556 51 3
12021 837 80 2
12023 105 12 1
12027 19 6 1
12031 3225 428 8
12033 1270 131 4
12035 163 22 1
12037 15 0 1
12039 24 0 1
12045 25 0 1
12049 35 0 1
12051 25 0 1
12053 517 63 2
12055 305 55 2
12057 3885 453 11
12059 20 4 1
12061 324 61 2
12063 100 7 1
12069 720 88 3
12071 1630 166 6
12073 851 66 3
12079 25 0 1
12081 715 85 3
12083 823 120 3
12085 477 47 1
12086 6599 948 22
12087 128 13 3
12089 50 8 1
12091 430 57 3
12093 100 8 1
12095 4551 430 6
12097 576 59 3
12099 3383 430 14
12101 1400 184 7
12103 2918 332 12
12105 1552 184 5
12107 82 10 1
12109 335 43 1
12111 619 63 2
12113 137 16 3
12115 1303 120 6
12117 252 39 2
12119 290 33 3
12123 48 0 1
12125 15 0 1
12127 1524 211 7
12131 136 12 2
12133 37 0 1
13001 64 5 1
13005 25 8 1
13009 62 7 1
13013 45 0 1
13015 128 21 1
13017 46 5 1
13019 27 0 1
13021 984 117 4
13023 18 0 1
13027 25 0 1
13031 135 24 1
13033 20 0 1
13035 15 0 1
13039 24 0 1
13043 40 0 1
13047 32 0 1
13051 1067 159 5
13055 171 14 1
13057 292 30 1
13059 564 82 3
13063 174 19 1
13065 15 0 1
13067 1026 118 3
13069 97 10 1
13071 174 10 2
13075 15 0 1
13077 190 41 2
13081 50 15 1
13087 31 6 1
13089 1239 202 5
13091 24 6 1
13095 353 49 1
13097 115 20 1
13099 15 0 1
13103 25 0 1
13105 23 0 1
13107 24 6 1
13109 14 0 1
13111 28 5 1
13113 244 44 1
13115 569 67 2
13117 287 27 1
13119 61 8 1
13121 2525 468 10
13127 240 0 1
13129 82 10 1
13131 18 4 1
13133 25 0 1
13135 694 74 3
13137 48 4 1
13139 667 131 1
13143 23 0 1
13151 254 40 1
13153 251 36 2
13155 24 0 1
13159 12 0 1
13161 24 4 1
13163 21 0 1
13165 13 0 1
13173 28 0 1
13175 149 17 1
13179 23 0 1
13185 301 48 1
13187 40 0 1
13189 22 0 1
13193 39 0 1
13199 49 0 2
13201 25 0 1
13205 25 0 1
13207 25 0 1
13211 25 0 1
13213 32 0 1
13215 583 84 4
13217 84 18 1
13223 124 25 1
13225 25 0 1
13227 57 11 1
13235 17 6 1
13237 12 0 1
13241 20 4 1
13245 1195 173 4
13247 142 18 1
13251 15 0 1
13253 65 0 1
13255 145 15 1
13257 42 6 1
13261 59 8 1
13267 15 0 1
13275 180 30 1
13277 177 20 1
13279 73 8 1
13281 25 0 1
13285 122 11 1
13291 44 5 1
13293 56 7 1
13297 71 11 1
13299 128 14 1
13303 25 6 1
13305 68 9 1
13313 196 22 1
13317 19 0 1
13321 25 0 1
15001 309 24 6
15003 1763 148 11
15007 111 11 3
15009 237 20 4
16001 869 97 5
16005 165 20 1
16007 14 0 1
16009 8 0 1
16011 30 5 2
16013 25 0 1
16017 25 4 1
16019 421 40 3
16021 7 0 1
16023 14 0 1
16027 195 28 2
16029 8 0 1
16031 31 6 1
16035 20 0 1
16039 14 0 1
16041 17 0 1
16045 16 0 1
16047 16 0 1
16049 40 0 2
16053 18 0 1
16055 400 38 3
16057 19 0 1
16059 18 0 1
16065 59 4 1
16067 23 0 1
16069 61 4 1
16071 13 0 1
16077 10 0 1
16079 12 0 1
16081 10 0 1
16083 174 18 1
16085 21 0 2
16087 13 0 1
17001 327 30 1
17005 38 0 1
17011 69 6 2
17019 582 70 2
17021 38 0 2
17025 20 0 1
17027 30 0 1
17029 132 9 1
17031 13719 1565 50
17033 25 0 1
17037 165 12 3
17039 15 0 1
17043 1717 239 6
17045 25 0 1
17049 109 10 1
17051 25 0 1
17053 25 0 1
17055 16 0 1
17057 48 6 1
17061 25 0 1
17063 89 17 1
17065 25 0 1
17067 18 0 1
17069 25 0 1
17073 48 0 2
17075 25 6 1
17077 215 21 2
17081 122 20 2
17083 31 4 1
17085 13 0 1
17089 1057 98 5
17091 425 56 2
17095 85 9 2
17097 783 129 5
17099 172 16 3
17101 7 0 1
17103 94 9 1
17105 44 7 1
17107 25 0 1
17109 16 7 1
17111 387 39 2
17113 326 32 2
17115 370 33 2
17117 50 0 2
17119 393 46 5
17121 72 9 2
17125 17 0 1
17127 25 0 1
17131 22 0 1
17135 50 4 2
17137 57 10 1
17141 13 4 1
17143 1192 125 4
17145 39 0 2
17147 16 0 1
17149 25 0 1
17157 73 0 3
17159 48 8 1
17161 359 31 2
17163 461 52 3
17165 65 0 2
17167 930 130 2
17169 12 0 1
17173 30 0 1
17177 100 11 1
17179 70 8 2
17181 25 0 1
17183 155 20 2
17185 25 0 1
17187 21 0 1
17189 22 0 1
17191 25 4 1
17195 95 18 2
17197 790 90 3
17199 177 16 2
17201 844 121 3
17203 11 0 1
18001 36 6 1
18003 1464 291 6
18005 191 17 1
18009 9 0 1
18011 51 16 1
18017 25 5 1
18019 96 13 1
18021 8 0 1
18023 9 0 1
18027 69 5 1
18029 59 8 1
18031 32 0 1
18033 35 0 1
18035 301 53 2
18037 129 26 1
18039 319 36 2
18043 255 32 2
18049 51 4 1
18051 22 6 1
18053 80 13 1
18055 29 5 1
18057 433 79 5
18059 44 24 1
18061 25 4 1
18063 264 47 2
18065 57 30 1
18067 217 16 2
18069 27 0 1
18071 80 18 1
18073 12 0 1
18075 16 0 1
18077 54 6 1
18079 8 0 1
18081 50 10 1
18083 110 27 1
18085 68 9 1
18087 22 0 1
18089 1485 157 11
18091 220 30 3
18093 58 10 2
18095 289 36 3
18097 3490 502 12
18099 66 7 2
18103 35 4 1
18105 165 31 2
18107 27 5 1
18109 92 7 1
18113 27 0 1
18117 7 0 1
18123 48 4 1
18127 214 27 1
18131 16 0 1
18133 12 0 1
18135 13 0 1
18137 28 0 1
18139 25 0 1
18141 603 52 3
18143 25 0 1
18145 62 14 1
18149 13 0 1
18151 25 0 1
18153 26 4 1
18157 324 69 2
18159 12 0 1
18163 976 155 3
18165 25 4 1
18167 471 42 2
18169 17 0 1
18171 17 0 1
18173 159 0 2
18175 10 0 1
18177 231 30 1
18179 28 0 1
18181 14 0 1
18183 27 0 1
19001 4 0 1
19003 8 0 1
19005 20 0 1
19007 6 0 1
19009 12 0 1
19011 24 0 1
19013 474 35 3
19015 26 0 1
19017 41 0 2
19019 18 0 1
19021 20 0 1
19025 15 0 1
19027 52 4 2
19029 25 4 1
19033 215 18 1
19035 25 0 1
19037 13 0 1
19039 25 0 1
19041 50 4 1
19043 34 0 2
19045 128 10 2
19047 25 0 1
19049 12 0 1
19051 10 0 1
19053 11 0 1
19055 25 0 1
19057 158 13 1
19059 42 0 1
19061 281 15 3
19063 25 0 1
19065 40 0 2
19067 25 0 1
19069 10 0 1
19071 25 0 1
19073 15 0 1
19075 12 0 1
19077 8 0 1
19079 25 0 1
19081 20 0 1
19083 17 0 1
19085 12 0 1
19087 10 0 1
19089 18 0 1
19091 11 0 1
19093 14 0 1
19095 12 0 1
19097 13 0 1
19099 20 0 1
19101 25 0 1
19103 929 111 2
19105 12 0 1
19107 14 0 1
19109 23 0 1
19111 4 0 1
19113 580 39 2
19117 14 0 1
19119 14 0 1
19121 12 0 1
19123 23 0 1
19125 41 0 2
19127 25 0 1
19131 18 0 1
19133 10 0 1
19135 10 0 1
19137 21 7 1
19139 14 0 1
19141 39 0 2
19143 12 0 1
19145 41 0 2
19147 30 0 1
19149 17 0 1
19151 12 0 1
19153 1177 120 4
19155 169 27 2
19157 39 8 1
19159 15 0 1
19161 15 0 1
19163 488 40 3
19165 25 0 1
19167 75 0 4
19169 143 9 2
19175 46 0 1
19177 10 0 1
19179 79 9 1
19183 15 0 1
19185 25 0 1
19187 56 13 1
19191 25 0 1
19193 457 54 2
19197 41 0 2
20001 10 0 1
20003 12 0 1
20005 25 4 1
20007 33 0 2
20009 81 0 3
20013 25 0 1
20015 69 10 2
20019 18 0 1
20021 22 0 2
20023 16 0 1
20025 39 0 2
20027 12 0 1
20031 15 0 1
20033 12 0 1
20035 55 9 2
20037 105 16 2
20039 12 0 1
20041 43 0 2
20045 137 24 1
20047 12 0 1
20051 81 12 1
20053 18 0 1
20055 104 20 1
20057 32 10 1
20059 44 6 1
20061 35 0 1
20063 21 0 1
20065 15 0 1
20067 26 0 1
20071 18 0 1
20073 17 0 1
20075 25 0 1
20077 16 0 1
20079 94 6 1
20081 15 0 1
20083 25 0 1
20085 14 0 1
20087 8 0 1
20089 6 0 1
20091 1320 118 10
20093 25 0 1
20095 25 0 1
20097 15 0 1
20099 47 5 1
20101 25 0 1
20103 24 0 1
20105 14 0 1
20109 15 0 1
20111 30 6 1
20113 43 7 3
20115 18 0 2
20117 25 0 1
20119 20 0 1
20121 18 0 1
20123 20 4 1
20125 29 5 1
20127 12 0 1
20129 22 0 1
20131 33 0 2
20133 25 5 1
20135 50 0 2
20137 25 0 1
20141 16 0 1
20143 25 0 1
20145 18 0 1
20147 15 0 1
20149 33 0 2
20151 14 6 1
20153 10 0 1
20155 85 10 2
20157 13 0 1
20159 25 0 1
20161 99 12 2
20163 22 0 1
20165 25 0 1
20167 25 0 1
20169 230 18 2
20171 20 0 1
20173 1988 258 9
20175 40 7 1
20177 408 62 2
20179 13 0 1
20181 25 0 1
20183 16 0 1
20185 12 0 1
20187 14 0 1
20189 17 0 1
20191 12 0 1
20193 25 0 1
20195 29 0 1
20201 41 0 2
20203 12 0 1
20205 40 0 2
20209 1109 160 3
21001 13 0 1
21003 18 0 1
21009 128 13 1
21013 31 5 2
21015 116 14 1
21017 15 4 1
21019 269 59 1
21021 201 12 2
21025 21 0 1
21027 23 0 1
21033 12 0 1
21035 71 14 1
21037 133 12 2
21041 12 0 1
21045 24 0 1
21047 118 10 1
21049 52 12 1
21051 36 8 1
21053 12 0 1
21055 14 0 1
21057 12 0 1
21059 307 29 1
21065 17 0 1
21067 1552 248 5
21069 14 0 1
21071 107 12 3
21073 98 10 1
21081 6 0 1
21083 90 13 1
21085 35 6 1
21087 20 0 1
21093 300 30 1
21095 57 7 1
21097 32 10 1
21099 13 0 1
21101 55 9 1
21107 156 18 2
21111 2352 300 5
21115 22 4 1
21117 439 50 1
21121 57 19 3
21125 122 48 1
21127 37 5 1
21131 22 0 1
21133 40 4 1
21137 10 0 1
21139 18 0 1
21141 20 0 1
21145 336 47 3
21151 94 8 2
21155 35 6 1
21157 23 4 1
21161 34 5 1
21167 25 0 1
21171 35 0 1
21173 35 4 1
21175 12 0 1
21177 38 6 1
21179 40 12 1
21183 25 0 1
21185 38 7 1
21193 189 32 1
21195 343 65 2
21199 184 43 1
21203 30 4 1
21205 115 14 1
21207 14 0 1
21209 27 7 1
21211 23 4 1
21213 18 0 1
21217 36 8 1
21221 22 0 1
21225 25 0 1
21227 357 79 3
21231 14 0 1
21239 14 0 1
22001 89 8 2
22003 32 0 2
22005 35 0 2
22007 5 0 1
22009 41 0 2
22011 34 6 1
22013 16 0 1
22015 35 8 1
22017 1287 173 9
22019 490 64 7
22021 72 0 2
22027 50 8 1
22029 94 4 2
22031 30 0 1
22033 1546 209 10
22035 19 0 1
22039 62 10 2
22041 31 0 1
22045 106 18 1
22049 42 0 1
22051 1455 257 8
22053 30 5 1
22055 905 89 7
22057 145 28 3
22059 47 0 2
22061 95 10 2
22063 62 0 1
22065 25 0 1
22067 8 0 1
22069 114 19 2
22071 645 66 7
22073 634 83 7
22077 23 0 1
22079 548 57 5
22081 39 0 1
22083 53 0 2
22085 15 0 1
22087 59 13 1
22089 21 6 1
22091 22 0 1
22093 15 0 1
22097 167 25 3
22099 31 0 1
22101 49 4 2
22103 753 112 8
22105 325 41 6
22109 223 15 4
22111 53 0 2
22113 67 5 2
22115 62 8 1
22117 59 7 2
22119 71 8 2
22123 31 0 1
22125 13 0 1
22127 26 0 1
23001 301 49 2
23003 159 24 4
23005 993 112 4
23007 37 5 1
23009 114 14 3
23011 234 20 2
23013 85 8 1
23015 31 4 1
23017 56 4 2
23019 484 72 4
23021 50 0 2
23025 55 4 2
23027 36 4 1
23029 35 0 2
23031 235 16 2
24001 165 28 1
24003 589 69 2
24005 892 103 4
24009 63 9 1
24013 179 13 1
24015 104 10 1
24017 108 9 1
24021 300 15 1
24023 36 4 1
24025 241 31 2
24027 355 31 1
24029 10 0 1
24031 1783 209 6
24033 785 157 4
24037 104 12 1
24041 78 9 1
24043 270 24 2
24045 339 68 2
24047 56 8 1
24510 3496 445 15
25001 386 34 2
25003 298 20 2
25005 1096 79 5
25007 25 0 1
25009 1004 68 6
25011 97 4 1
25013 1360 110 7
25015 115 11 1
25017 2539 176 13
25019 25 0 1
25021 743 39 5
25023 632 47 3
25025 5181 470 16
25027 1769 181 10
26003 11 0 1
26005 42 0 2
26007 55 6 1
26011 10 4 1
26013 15 0 1
26015 38 6 1
26017 318 32 2
26019 4 0 1
26021 256 25 2
26023 38 6 1
26025 208 29 3
26027 25 0 1
26029 25 0 1
26033 44 6 1
26035 21 0 1
26037 20 0 1
26039 47 6 1
26041 32 7 1
26043 49 11 1
26045 44 0 2
26047 118 13 1
26049 870 172 4
26051 17 0 1
26053 32 5 1
26055 438 90 1
26057 81 18 1
26059 55 4 1
26061 67 5 2
26063 73 0 3
26065 666 71 3
26067 20 0 1
26069 26 4 1
26071 23 0 1
26073 49 8 1
26075 322 86 1
26077 484 84 2
26079 8 0 1
26081 1612 190 4
26087 114 11 1
26091 47 10 1
26093 105 6 2
26095 33 0 1
26097 11 0 1
26099 1295 156 5
26101 39 0 1
26103 197 24 2
26105 44 6 1
26107 35 4 1
26111 267 32 1
26115 78 17 1
26117 76 7 4
26121 354 40 1
26123 27 5 1
26125 3697 397 13
26127 10 0 1
26129 42 10 1
26131 10 0 1
26137 41 5 1
26139 166 14 3
26145 658 69 4
26147 291 32 3
26149 33 0 2
26151 55 0 3
26153 12 0 1
26155 66 7 1
26157 38 0 2
26159 24 0 2
26161 1611 184 5
26163 4050 538 17
26165 49 18 1
27001 25 4 1
27003 417 29 1
27005 25 6 1
27007 102 10 1
27011 31 0 2
27013 136 10 1
27015 51 0 2
27017 34 0 2
27019 100 8 1
27023 25 0 1
27025 41 8 1
27029 8 0 1
27031 16 0 1
27033 26 0 2
27035 93 10 2
27037 209 12 2
27041 45 7 1
27043 12 0 1
27047 64 9 1
27049 48 0 3
27051 6 0 1
27053 2786 277 9
27057 25 4 1
27059 33 0 1
27061 62 0 3
27063 20 0 1
27065 19 0 1
27067 33 5 1
27069 15 0 1
27071 16 0 1
27073 21 0 2
27075 16 0 1
27077 8 0 1
27079 5 0 1
27081 22 0 2
27083 50 4 2
27085 51 10 2
27087 10 0 1
27089 12 0 1
27091 25 0 1
27093 16 0 1
27095 20 0 1
27097 56 6 1
27101 8 0 1
27103 25 0 1
27105 36 0 1
27107 5 0 1
27109 1348 165 2
27111 58 0 2
27113 25 4 1
27117 8 0 1
27119 32 4 2
27121 22 0 1
27123 945 110 6
27127 10 0 1
27129 14 0 1
27131 24 0 1
27133 25 0 1
27135 14 0 1
27137 756 79 8
27139 109 0 2
27141 29 4 1
27143 6 0 1
27145 401 45 4
27147 27 0 1
27149 20 0 1
27151 17 0 2
27153 37 0 2
27155 15 0 1
27157 12 0 1
27159 25 0 1
27161 11 0 1
27163 132 21 2
27165 35 0 2
27167 25 0 1
27169 38 8 1
27171 54 0 2
27173 31 0 2
28001 51 0 1
28003 150 24 1
28007 45 0 1
28011 43 7 1
28013 30 0 1
28017 31 0 1
28019 15 0 1
28021 32 0 1
28023 25 0 1
28025 50 6 1
28027 33 9 1
28029 25 0 1
28031 24 0 1
28033 483 34 2
28035 603 68 2
28037 25 0 1
28039 30 6 1
28041 7 0 1
28043 52 6 1
28045 31 6 1
28047 404 56 4
28049 1748 198 7
28051 7 0 1
28059 223 40 1
28061 16 0 1
28063 12 0 1
28065 15 0 1
28067 136 13 1
28069 14 0 1
28071 247 14 1
28075 436 48 6
28077 25 0 1
28079 40 0 1
28081 277 38 1
28083 208 16 1
28085 67 6 1
28087 298 16 1
28089 25 7 1
28091 28 0 1
28093 40 0 1
28095 90 9 2
28097 27 0 1
28099 50 0 2
28103 25 0 1
28105 61 6 1
28107 65 0 1
28109 67 6 2
28111 22 0 1
28113 122 12 2
28115 25 0 1
28117 160 5 1
28121 224 16 4
28123 39 0 2
28125 29 0 1
28127 55 0 2
28129 29 0 1
28133 67 0 2
28135 17 0 1
28137 15 0 1
28139 25 0 1
28141 22 0 1
28145 114 8 1
28147 25 0 1
28149 115 37 2
28151 159 26 2
28153 57 6 1
28155 38 0 1
28157 16 0 1
28159 14 0 1
28161 26 0 1
28163 30 0 1
29001 25 10 1
29005 18 0 1
29007 20 0 1
29009 40 0 2
29011 15 0 1
29013 11 0 1
29019 907 143 3
29021 280 24 2
29023 160 16 1
29027 7 0 1
29029 85 18 1
29031 323 43 3
29033 12 0 1
29037 68 10 2
29039 25 0 1
29047 549 56 4
29049 58 5 1
29051 217 23 2
29055 25 6 1
29065 25 0 1
29071 140 19 1
29073 14 0 1
29075 12 0 1
29077 1337 218 3
29079 10 0 1
29081 12 0 1
29083 47 7 1
29091 106 12 2
29093 6 0 1
29095 2113 246 10
29097 658 76 4
29099 369 28 2
29101 44 8 1
29105 51 13 1
29107 25 0 1
29109 16 0 1
29113 23 4 1
29115 15 0 1
29117 25 4 1
29121 25 0 1
29123 17 0 1
29127 99 12 1
29143 103 12 1
29145 8 0 1
29147 27 0 1
29155 15 0 1
29157 25 0 1
29159 72 9 1
29161 148 14 1
29163 10 0 1
29165 85 9 1
29167 85 10 1
29171 15 0 1
29175 38 5 1
29177 25 0 1
29183 514 39 5
29185 12 0 1
29187 87 8 2
29189 3210 347 10
29195 28 7 1
29199 14 0 1
29207 36 0 1
29211 12 0 1
29213 96 16 1
29215 55 4 1
29217 21 0 1
29221 15 0 1
29510 1869 265 6
30001 18 0 1
30003 17 0 1
30007 26 0 1
30009 10 0 1
30011 25 0 1
30013 276 21 2
30015 50 0 2
30017 25 5 1
30019 25 0 1
30021 25 0 1
30023 36 0 1
30025 5 0 1
30027 29 0 1
30029 181 30 2
30031 102 20 2
30033 25 0 1
30035 20 0 1
30039 25 0 1
30041 26 6 1
30047 48 0 2
30049 123 8 1
30051 25 0 1
30053 20 0 1
30055 5 0 1
30057 17 0 2
30059 25 0 1
30061 25 0 1
30063 338 39 2
30065 25 0 1
30067 22 0 1
30071 6 0 1
30073 15 0 1
30077 16 0 1
30079 25 0 1
30081 30 0 1
30083 27 0 1
30085 67 0 3
30087 8 0 1
30089 16 0 1
30091 19 0 1
30093 75 11 1
30095 16 0 1
30097 25 0 1
30099 5 0 1
30101 21 0 1
30105 25 0 1
30107 25 0 1
30111 580 53 3
31001 32 10 1
31003 12 0 1
31011 17 0 1
31013 23 0 1
31015 6 0 1
31017 6 0 1
31019 177 25 2
31023 9 0 1
31029 8 0 1
31031 10 0 1
31033 25 4 1
31037 7 0 1
31039 25 0 1
31041 16 0 2
31045 22 0 1
31047 55 0 3
31053 35 8 1
31055 1828 237 13
31057 12 0 1
31059 12 0 1
31065 20 0 1
31067 22 0 1
31069 7 0 1
31079 119 14 2
31081 10 0 1
31083 11 0 1
31089 21 0 2
31093 8 0 1
31095 13 0 1
31097 18 0 1
31099 10 0 1
31101 18 0 1
31105 7 0 1
31107 10 0 1
31109 825 90 5
31111 62 0 1
31119 64 17 1
31121 9 0 1
31123 10 0 1
31125 8 0 1
31127 16 0 1
31129 17 0 1
31131 28 0 2
31133 11 0 1
31135 10 0 1
31137 25 4 1
31139 17 0 2
31141 34 9 1
31143 9 0 1
31145 15 0 1
31147 15 0 1
31149 7 0 1
31151 12 0 2
31153 89 8 2
31155 16 0 1
31157 188 25 1
31159 24 0 1
31161 12 0 1
31169 15 0 1
31173 14 0 1
31175 16 0 1
31177 10 0 1
31179 10 0 1
31181 12 0 1
31185 33 0 2
32001 25 4 1
32003 5677 639 22
32005 20 4 1
32007 45 7 1
32013 25 0 1
32015 5 0 1
32017 4 0 1
32019 14 0 1
32021 11 0 1
32023 25 0 1
32027 17 0 1
32031 1029 109 6
32033 25 0 1
32510 188 22 2
33001 54 11 1
33003 63 0 2
33005 83 8 1
33007 50 5 3
33009 509 62 5
33011 942 64 5
33013 270 21 3
33015 383 36 3
33017 238 17 2
33019 18 0 1
34001 756 68 3
34003 2548 375 7
34005 742 95 5
34007 2506 446 4
34009 125 16 1
34011 548 56 1
34013 2426 386 8
34015 96 7 1
34017 1048 144 6
34019 201 19 1
34021 619 93 4
34023 2245 285 6
34025 1648 265 5
34027 1552 206 4
34029 1169 176 5
34031 979 171 2
34033 126 12 1
34035 424 46 2
34037 185 16 1
34039 983 118 4
34041 198 28 2
35001 2016 211 8
35005 108 19 2
35006 11 0 1
35007 18 4 1
35009 100 7 1
35013 395 54 4
35015 66 9 2
35017 17 0 1
35019 11 0 1
35025 46 6 2
35027 25 6 1
35028 12 4 1
35029 25 0 1
35031 28 6 1
35035 78 9 1
35037 10 0 1
35039 32 6 1
35041 16 0 1
35043 78 12 1
35045 175 21 1
35047 14 0 1
35049 206 24 2
35051 11 0 1
35053 22 0 1
35055 30 6 1
35059 25 0 1
36001 1078 131 2
36003 56 6 2
36005 3506 359 7
36007 651 51 2
36009 135 14 1
36011 124 19 1
36013 105 6 3
36015 147 20 1
36017 23 5 1
36019 155 12 1
36021 90 6 1
36023 52 7 1
36025 41 0 3
36027 465 38 2
36029 1992 256 7
36031 17 0 1
36033 91 12 2
36035 42 8 1
36037 82 9 1
36043 17 0 1
36045 155 11 3
36047 3702 322 12
36049 25 6 1
36051 45 8 1
36053 53 6 2
36055 2142 228 5
36057 92 8 1
36059 3008 367 8
36061 9874 954 14
36063 185 24 3
36065 439 51 3
36067 1075 183 3
36069 239 30 3
36071 774 136 4
36073 18 0 1
36075 86 9 1
36077 217 14 2
36079 127 10 1
36081 3476 285 7
36083 174 20 1
36085 949 158 2
36087 556 82 3
36089 211 20 5
36091 183 31 1
36093 431 28 2
36095 18 0 1
36097 16 0 1
36101 92 7 3
36103 2824 344 9
36105 105 19 2
36109 162 15 1
36111 140 10 3
36117 94 9 1
36119 2384 231 10
36121 64 7 1
36123 14 0 1
37001 209 20 1
37005 6 0 1
37007 23 0 1
37009 27 0 1
37011 8 0 1
37013 63 11 1
37015 12 0 1
37017 27 4 1
37019 139 5 2
37021 900 79 2
37023 99 20 1
37025 523 64 1
37027 79 15 1
37031 89 10 1
37035 404 40 2
37037 15 0 1
37039 25 6 1
37041 29 4 1
37045 213 18 1
37047 68 9 1
37049 309 23 1
37051 718 73 2
37055 17 0 1
37057 222 30 2
37059 31 0 1
37061 34 9 1
37063 1152 119 4
37065 60 8 1
37067 1847 203 3
37071 404 25 1
37077 53 6 1
37081 1224 137 4
37083 143 14 1
37085 109 14 1
37087 100 10 1
37089 231 29 2
37091 60 8 1
37093 49 4 1
37097 317 36 3
37099 86 9 1
37101 167 25 1
37105 58 8 1
37107 102 12 1
37109 123 10 1
37111 30 6 1
37113 54 9 2
37117 18 6 1
37119 3005 248 9
37121 38 6 1
37123 12 0 1
37125 400 46 1
37127 240 15 2
37129 824 86 2
37133 151 12 1
37135 861 136 1
37139 115 13 1
37141 18 0 1
37145 18 6 1
37147 882 120 1
37149 19 6 1
37151 68 8 1
37155 270 25 1
37157 44 7 1
37159 269 22 1
37161 125 10 1
37163 31 7 1
37165 108 11 1
37167 117 10 1
37169 14 0 1
37171 155 18 2
37173 17 0 1
37175 37 6 1
37179 184 23 1
37181 148 8 1
37183 1545 172 4
37187 16 0 1
37189 77 17 1
37191 197 16 1
37193 110 8 1
37195 180 16 1
38001 12 0 1
38003 14 0 1
38009 21 0 1
38011 12 0 1
38015 389 24 2
38017 785 135 3
38019 6 0 1
38021 10 0 1
38023 10 0 1
38029 6 0 1
38031 6 0 1
38035 181 17 2
38037 25 0 1
38039 6 0 1
38051 14 0 2
38053 10 0 1
38055 34 0 2
38057 6 0 1
38061 11 0 1
38063 5 0 1
38067 14 0 1
38069 10 0 1
38071 13 0 1
38073 13 0 1
38079 14 0 1
38085 11 0 1
38089 20 0 1
38093 23 0 1
38095 5 0 1
38097 18 0 2
38099 25 0 2
38101 75 11 2
38103 10 0 1
38105 35 4 2
39001 25 0 1
39003 527 109 5
39005 32 8 1
39007 321 21 4
39009 45 8 1
39011 18 4 1
39013 37 5 2
39017 535 103 4
39021 20 0 1
39023 311 52 2
39025 134 24 1
39027 44 6 1
39029 140 16 2
39031 24 4 1
39033 52 12 2
39035 5007 841 20
39037 32 8 1
39039 43 8 3
39041 292 29 2
39043 252 35 1
39045 166 46 2
39047 25 6 1
39049 4135 504 12
39051 20 4 1
39053 59 7 1
39055 139 17 2
39057 158 29 2
39059 50 12 1
39061 2589 342 11
39063 150 52 1
39065 19 4 1
39067 10 0 1
39069 30 0 1
39071 52 0 2
39073 25 5 1
39075 47 4 1
39077 97 16 2
39079 12 0 1
39081 89 20 1
39083 89 12 1
39085 176 25 1
39089 190 19 2
39091 20 7 1
39093 565 70 5
39095 1674 321 7
39097 17 10 1
39099 841 100 5
39101 134 14 1
39103 168 21 2
39107 28 5 1
39109 213 14 2
39113 2362 277 8
39117 21 0 1
39119 156 23 1
39123 25 5 1
39125 25 0 1
39129 64 8 1
39131 25 0 1
39133 142 16 1
39139 231 33 3
39141 188 12 1
39143 44 6 2
39145 130 12 2
39147 55 5 2
39149 63 7 1
39151 677 110 5
39153 1646 170 6
39155 418 57 2
39157 95 10 2
39159 35 11 1
39161 14 5 1
39165 329 28 1
39167 186 12 2
39169 121 14 2
39171 23 4 2
39173 30 7 1
39175 13 4 1
40001 49 0 1
40005 30 0 1
40007 12 0 1
40009 62 5 1
40011 12 0 2
40013 138 8 1
40015 42 0 2
40017 70 6 1
40019 160 13 2
40021 90 13 1
40023 34 0 1
40025 10 0 1
40027 415 36 3
40029 20 0 1
40031 181 20 2
40035 15 0 1
40037 36 0 2
40039 21 0 2
40041 34 5 1
40043 14 0 1
40045 10 0 1
40047 165 19 2
40049 31 0 2
40051 14 0 1
40055 22 0 1
40057 14 0 1
40059 10 0 1
40061 10 0 1
40063 14 0 1
40065 36 5 1
40067 8 0 1
40069 12 0 1
40071 53 7 2
40073 20 0 1
40075 17 0 1
40079 15 0 1
40081 52 0 2
40083 24 0 1
40085 25 0 1
40087 9 0 1
40089 25 0 1
40093 8 0 1
40095 8 0 1
40097 18 0 1
40099 25 0 1
40101 185 67 2
40103 10 0 1
40105 14 0 1
40109 2885 324 24
40111 24 0 2
40113 321 29 4
40115 30 5 1
40117 14 0 1
40119 104 10 2
40121 92 7 1
40123 115 12 1
40125 89 22 2
40127 16 0 1
40129 8 0 1
40131 35 6 1
40135 57 0 1
40137 69 7 1
40139 7 0 1
40143 2194 272 12
40145 16 0 1
40147 97 8 1
40149 8 0 1
40151 12 0 1
40153 26 6 1
41001 17 0 1
41003 214 12 1
41005 426 32 3
41007 67 13 2
41011 115 6 3
41013 12 0 1
41015 16 0 1
41017 314 28 1
41019 143 16 2
41023 6 0 1
41025 7 0 1
41027 20 0 1
41029 626 63 3
41031 18 0 1
41033 157 25 1
41035 106 9 1
41037 22 0 1
41039 596 104 5
41041 74 9 2
41043 189 18 2
41045 24 5 1
41047 607 55 3
41049 13 0 1
41051 1848 205 8
41053 6 0 1
41057 25 4 1
41059 67 12 2
41061 34 6 1
41063 22 0 1
41065 36 0 1
41067 827 90 4
41071 102 10 2
42001 97 10 1
42003 4518 527 21
42005 55 10 1
42007 236 22 2
42009 29 4 1
42011 752 63 3
42013 326 45 3
42015 239 26 2
42017 878 108 6
42019 169 24 1
42021 279 25 3
42025 67 12 2
42027 156 12 1
42029 660 87 5
42031 38 7 1
42033 132 26 2
42035 24 0 2
42037 48 4 2
42039 173 18 2
42041 396 65 3
42043 1250 235 3
42045 774 112 5
42047 22 7 1
42049 696 111 5
42051 159 15 2
42055 280 38 2
42057 21 0 1
42059 13 0 1
42061 57 7 1
42063 126 12 1
42065 66 6 2
42069 465 41 3
42071 709 83 3
42073 70 7 1
42075 147 19 1
42077 1085 115 4
42079 497 51 4
42081 288 32 3
42083 14 5 1
42085 270 28 4
42087 117 10 1
42089 240 24 2
42091 1727 199 10
42093 647 131 2
42095 611 64 3
42101 5605 718 18
42105 45 6 1
42107 171 23 3
42111 134 14 3
42115 36 0 2
42117 55 6 1
42119 119 16 1
42121 110 12 1
42123 108 6 1
42125 363 38 4
42127 52 5 1
42129 375 67 5
42133 823 99 5
44003 195 11 1
44005 90 6 1
44007 1550 102 7
44009 181 17 2
45001 18 6 1
45003 155 21 1
45005 25 0 1
45007 407 61 1
45013 212 24 2
45015 46 8 1
45019 1888 205 7
45021 24 9 1
45023 13 0 1
45025 48 6 1
45027 49 5 1
45029 135 8 1
45031 89 12 2
45033 52 6 1
45037 25 0 1
45041 784 107 4
45043 183 29 2
45045 1286 163 8
45047 206 30 1
45049 32 6 1
45051 701 98 3
45053 25 17 1
45055 76 10 1
45057 102 16 1
45059 57 8 1
45063 635 75 2
45067 32 4 1
45071 54 7 1
45073 169 31 1
45075 161 19 1
45077 112 28 2
45079 1076 118 4
45083 667 79 3
45085 185 17 1
45087 15 0 1
45089 16 4 1
45091 172 24 1
46005 37 7 1
46007 14 0 1
46009 21 0 2
46011 55 0 1
46013 108 16 2
46015 25 0 1
46023 25 0 2
46027 25 0 1
46029 45 6 1
46033 8 0 1
46035 41 8 1
46037 20 0 1
46039 10 0 1
46041 8 0 1
46043 11 0 1
46045 12 0 1
46047 25 0 1
46049 12 0 1
46051 16 0 1
46053 29 0 2
46055 18 0 1
46059 16 0 1
46065 25 6 1
46067 20 0 2
46073 6 0 1
46077 6 0 1
46079 22 0 1
46081 27 4 2
46083 11 0 1
46089 4 0 1
46091 10 0 1
46093 25 0 1
46099 1111 127 7
46101 7 0 1
46103 360 44 3
46107 7 0 1
46109 12 0 1
46115 19 0 1
46123 25 0 1
46125 12 0 1
46127 20 0 1
46129 39 0 1
46135 44 10 1
47001 175 25 1
47003 57 8 1
47005 30 0 1
47007 26 0 1
47009 269 32 1
47011 192 24 1
47013 73 12 1
47015 38 0 1
47017 47 6 1
47019 74 8 1
47021 12 0 1
47025 26 5 1
47029 32 5 1
47031 148 18 2
47035 97 12 1
47037 3584 562 10
47041 18 0 1
47043 152 12 1
47045 142 14 1
47051 78 11 1
47053 39 4 1
47055 28 5 1
47059 124 10 1
47063 117 17 1
47065 1549 263 4
47067 10 0 1
47069 26 0 1
47071 52 0 1
47073 9 4 1
47077 22 0 1
47079 53 7 1
47081 8 0 1
47083 25 0 1
47085 25 0 1
47089 58 6 1
47093 1767 219 6
47097 16 0 1
47099 73 6 1
47103 38 5 1
47105 41 5 1
47107 68 8 1
47111 25 0 1
47113 656 80 1
47117 21 0 1
47119 267 50 1
47123 52 7 1
47125 299 21 1
47131 147 32 1
47133 78 6 1
47141 312 44 1
47143 27 5 1
47145 44 6 1
47147 79 12 1
47149 778 117 3
47151 16 0 1
47155 86 16 1
47157 2891 328 11
47159 32 0 1
47163 888 99 4
47165 366 56 2
47167 67 13 1
47169 11 0 1
47171 10 0 1
47177 55 8 1
47179 481 55 2
47181 50 0 1
47183 47 12 1
47185 21 0 1
47187 166 24 1
47189 132 12 1
48001 82 8 1
48003 23 0 1
48005 138 17 3
48013 68 6 1
48015 10 0 1
48017 14 0 1
48021 12 0 2
48023 27 0 1
48025 36 0 1
48027 783 112 4
48029 6306 532 17
48035 14 0 1
48037 502 36 4
48039 115 9 3
48041 627 37 5
48043 41 0 1
48049 34 5 1
48051 16 0 1
48053 61 8 2
48055 43 0 2
48057 33 6 1
48061 865 89 5
48063 16 0 1
48069 18 0 1
48071 54 0 2
48073 108 6 2
48075 21 0 1
48077 26 0 1
48079 19 0 1
48083 20 0 1
48085 1676 232 14
48087 25 0 1
48089 28 0 2
48091 179 16 2
48093 42 0 1
48095 16 0 1
48097 43 4 2
48099 8 0 1
48103 14 0 1
48109 17 0 1
48111 19 0 1
48113 5478 613 31
48115 11 0 1
48121 756 84 11
48123 73 0 2
48127 22 0 1
48133 31 0 1
48135 451 52 3
48139 137 16 3
48141 1669 251 12
48143 37 5 1
48145 12 0 1
48147 20 0 1
48149 14 0 1
48151 14 0 1
48153 8 0 1
48157 618 67 7
48161 26 0 1
48163 32 0 1
48165 18 0 1
48167 571 78 2
48171 92 4 1
48177 19 0 1
48179 114 6 1
48181 454 69 4
48183 232 31 3
48185 17 0 1
48187 180 9 1
48189 46 4 1
48193 31 0 1
48195 12 0 1
48197 29 0 1
48201 10250 1188 45
48207 30 0 1
48209 224 40 3
48211 13 0 1
48213 69 8 1
48215 2113 167 7
48217 25 0 1
48219 21 0 1
48221 69 12 1
48223 71 10 1
48225 29 0 1
48227 97 7 1
48231 140 15 1
48233 26 0 1
48237 30 0 1
48239 18 0 1
48241 27 0 1
48245 655 79 5
48249 34 6 1
48251 238 26 3
48253 20 0 1
48255 33 0 1
48257 20 4 1
48265 133 9 1
48267 29 0 1
48273 42 6 1
48275 20 0 1
48277 115 11 1
48279 22 0 1
48281 22 0 1
48285 30 0 1
48291 34 0 2
48293 39 0 2
48303 1154 154 6
48305 21 0 1
48307 20 0 1
48309 423 53 2
48313 34 0 1
48317 12 0 1
48321 54 4 2
48323 106 6 1
48325 21 0 1
48329 227 48 1
48335 27 0 1
48337 13 0 1
48339 741 94 8
48341 15 0 1
48347 131 16 2
48349 22 5 1
48353 16 4 1
48355 1279 98 5
48357 23 0 1
48363 47 7 1
48365 23 0 1
48367 63 11 1
48369 8 0 1
48371 72 0 2
48373 21 4 1
48375 652 101 4
48389 25 0 1
48391 9 0 1
48397 60 6 1
48399 39 0 2
48401 45 0 1
48403 9 0 1
48405 11 0 1
48413 16 0 1
48415 19 0 1
48423 1068 193 6
48425 10 0 1
48427 32 0 1
48429 16 0 1
48433 9 0 1
48435 37 0 1
48437 41 0 1
48439 4022 396 27
48441 349 33 3
48445 40 0 1
48447 10 0 1
48449 63 8 1
48451 593 44 1
48453 2191 271 15
48457 19 0 1
48461 88 0 2
48463 51 5 1
48465 55 0 1
48469 595 37 4
48471 60 7 1
48475 38 0 1
48477 49 0 1
48479 321 56 3
48481 23 0 1
48483 26 0 2
48485 294 24 4
48487 16 0 1
48491 672 91 5
48493 34 6 1
48495 7 0 1
48497 112 21 1
48499 35 0 2
48501 29 0 1
48503 52 0 2
49001 52 0 2
49003 52 0 2
49005 157 14 2
49007 58 6 1
49011 333 29 4
49013 32 4 1
49017 15 0 1
49019 17 0 1
49021 41 6 1
49023 29 0 1
49025 25 0 1
49027 32 0 2
49035 2700 392 12
49037 36 0 2
49039 42 0 2
49041 33 0 1
49043 35 4 1
49045 28 4 1
49047 31 8 1
49049 798 81 7
49051 14 0 1
49053 284 32 1
49057 520 30 2
50001 40 0 1
50003 106 10 1
50005 25 4 1
50007 517 42 1
50011 45 10 1
50015 32 0 1
50017 25 0 1
50019 25 0 1
50021 120 12 1
50023 89 14 1
50025 40 0 2
50027 60 0 2
51001 46 10 1
51003 158 26 1
51005 110 10 1
51013 483 32 1
51015 188 12 1
51017 25 0 1
51019 28 6 1
51027 23 0 1
51041 881 94 2
51047 98 6 1
51057 31 7 1
51059 1604 230 4
51061 66 10 1
51067 25 4 1
51071 25 4 1
51073 104 12 1
51083 81 12 1
51085 238 27 1
51087 1043 78 3
51095 184 31 2
51103 82 0 1
51107 275 32 2
51117 57 10 1
51121 231 23 2
51127 108 0 1
51139 18 0 1
51147 79 8 1
51153 281 27 2
51155 61 9 1
51167 23 5 1
51171 25 0 1
51173 20 0 1
51177 141 12 1
51179 100 6 1
51185 135 12 2
51187 36 0 1
51191 80 11 1
51197 70 6 1
51510 345 36 1
51540 741 117 2
51550 310 28 1
51590 228 26 1
51595 42 5 1
51620 34 8 1
51630 471 38 1
51640 86 8 1
51650 221 24 1
51660 262 32 1
51670 124 11 1
51678 25 5 1
51680 591 61 2
51683 136 21 1
51700 475 78 3
51710 1225 135 5
51730 282 29 2
51740 213 26 1
51760 844 130 2
51770 720 84 1
51775 354 36 1
51800 181 16 1
51810 517 79 2
51840 426 50 1
53001 12 0 2
53003 20 4 1
53005 456 32 3
53007 175 15 4
53009 56 10 2
53011 653 53 2
53013 6 0 1
53015 180 12 1
53019 11 0 1
53021 25 6 1
53023 25 0 1
53025 85 11 4
53027 41 6 2
53029 31 5 1
53031 14 0 1
53033 3708 436 19
53035 277 49 1
53037 27 6 1
53039 25 0 2
53041 103 0 2
53043 51 0 2
53045 28 6 1
53047 43 0 3
53049 22 0 2
53051 11 0 1
53053 1473 193 6
53055 10 0 1
53057 204 10 3
53061 811 64 4
53063 989 82 5
53065 34 4 2
53067 427 78 2
53071 77 11 1
53073 246 29 1
53075 37 6 2
53077 299 17 3
54001 20 0 1
54003 177 20 1
54005 25 0 1
54007 17 0 1
54011 719 116 3
54013 18 0 1
54019 26 0 2
54023 20 0 1
54025 50 12 1
54027 13 0 1
54029 242 23 2
54033 264 24 1
54035 20 0 1
54037 25 5 1
54039 834 125 5
54041 20 0 1
54045 103 12 1
54047 20 7 1
54051 94 9 1
54053 32 5 1
54055 131 18 1
54057 25 4 1
54061 726 106 3
54065 15 0 1
54067 33 6 1
54069 235 30 1
54075 20 0 1
54077 24 0 1
54081 300 35 2
54083 47 9 1
54087 22 0 1
54089 25 0 1
54091 25 0 1
54095 12 0 1
54097 25 4 1
54101 15 0 1
54103 25 5 1
54107 259 18 1
55001 10 0 1
55003 48 0 1
55005 87 5 3
55009 628 86 4
55013 10 0 1
55015 12 0 1
55017 52 0 3
55019 12 0 1
55021 89 10 2
55023 37 0 1
55025 1298 126 5
55027 88 4 3
55029 33 4 1
55031 16 0 1
55033 23 0 1
55035 367 32 4
55039 108 12 2
55043 75 0 3
55045 59 6 1
55047 14 5 1
55049 20 0 1
55053 25 0 1
55055 22 0 1
55057 26 0 1
55059 338 46 2
55063 427 50 2
55065 25 0 1
55067 36 4 1
55069 40 0 2
55071 99 8 2
55073 373 54 2
55075 68 11 1
55079 2878 386 10
55081 35 0 2
55083 20 0 2
55085 127 16 3
55087 245 20 3
55089 280 65 2
55091 25 0 1
55093 12 0 1
55095 83 0 3
55097 66 6 2
55099 12 0 1
55101 337 37 3
55103 25 0 1
55105 282 41 4
55107 10 0 1
55109 110 0 3
55111 79 10 3
55113 25 0 1
55115 19 0 1
55117 169 12 2
55119 35 0 1
55121 24 0 2
55123 38 0 2
55125 27 0 1
55127 86 12 2
55129 25 0 2
55131 126 12 2
55133 636 83 5
55135 18 0 1
55137 4 0 1
55139 223 21 3
55141 386 31 2
56001 89 5 1
56003 36 0 2
56005 79 10 1
56007 25 6 1
56009 50 0 1
56011 19 0 1
56013 146 10 1
56015 25 0 1
56017 19 0 1
56019 32 0 1
56021 229 25 1
56023 76 0 2
56025 265 20 2
56027 24 0 1
56029 65 6 2
56031 25 0 1
56033 65 11 1
56037 51 10 1
56039 48 6 1
56041 44 6 1
56043 18 0 1
56045 12 0 1
66010 333 27 2
69000 105 4 1
72005 168 14 1
72009 137 6 1
72013 316 14 2
72021 1038 75 4
72025 624 45 2
72031 241 7 1
72035 225 8 1
72053 219 10 2
72059 144 9 1
72061 54 10 1
72069 279 14 3
72081 15 0 1
72091 558 24 2
72097 538 55 4
72099 106 7 1
72113 756 82 4
72125 220 17 2
72127 2354 200 18
72141 18 0 1
72145 152 8 1
72153 82 11 1
78010 56 12 1
78020 112 8 1
