1449
350450002053 1.479401
350450002023 1.693467
350450002052 0.561794
350450003021 0.496203
350450003022 0.400240
350450003012 0.570068
350450003014 0.970313
350450003011 0.770277
350450003013 0.693906
350450003023 0.385405
350450005052 6.346793
350450004013 7.035159
350450006134 2.953703
350459430003 1252.274308
350459432012 1630.788566
350459429001 582.485061
350459429002 507.220503
350459429003 300.460378
350459429004 452.750554
350450002041 3.203061
350459428012 650.095515
350459431001 544.151555
350459429006 258.808255
350459430001 39.697742
350459430002 320.274595
350450002055 2.553809
350450002054 0.657702
350450007081 9.503091
350450005051 11.791480
350450005056 6.466925
350450006081 29.003308
350450006072 18.392398
350450005055 3.903838
350459432011 6.929192
350450005042 81.580094
350450007061 33.189824
350459428021 17.648174
350459428024 6.304520
350450006102 41.079748
350450005041 70.070607
350450006103 3.550089
350450006091 8.683257
350450006131 5.327591
350450006122 5.959345
350250008004 3.602080
350450006083 10.155189
350450007072 3.002076
350459428032 9.521252
350450001004 4.008792
350459428031 6.152188
350450006132 59.820782
350450005031 8.283310
350450005032 6.242652
350459432015 129.087064
350450006133 34.039861
350450007021 490.348199
350450007051 9.977517
350450006112 241.580091
350450006121 1.387531
350459428013 970.632562
350450009001 13.896083
350250008003 3.607385
350250008002 680.852999
350250008001 2.293686
350250003002 4.315765
350250003004 0.548917
350250003001 0.946630
350250004001 3.403551
350250001003 1.162566
350250005023 7.614757
350250005021 0.590323
350250007021 909.018146
350210001001 5504.869120
350450002042 2.459757
350450007082 29.366309
350459433001 799.590067
350450005053 7.654069
350459428023 8.619704
350459428011 52.561256
350450007071 23.443635
350459428033 7.359775
350459429005 363.535240
350459431002 460.548797
350459428022 8.971006
350250007012 108.259840
350250007011 34.274709
350250001002 0.827711
350250001001 0.489229
350250002001 0.866261
350250003003 0.691459
350250004003 0.644310
350250004002 1.154775
350250005022 0.455203
350250005026 0.514022
350179643003 3.213332
350179645002 3.045217
350179643002 1.449415
350179645003 1.690792
350179642002 561.635777
350179646002 2.100072
350179648002 1.143000
350250005025 0.541701
350250006001 0.851025
350250006002 0.497861
350250006005 0.348676
350250006007 11.302732
350250006006 0.307575
350250006004 0.782395
350250006003 0.461148
350250009001 2919.860253
350250009002 2.226653
350250009003 0.828141
350179646004 0.485544
350179642001 2773.411553
350179644003 7.361841
350179641001 2270.082276
350179647001 45.023333
350179643004 0.907135
350179641002 687.882826
350179643001 16.825708
350179643005 1.185890
350179644001 2.044160
350179645001 55.287055
350179647004 33.388361
350179646003 0.626877
350179647003 54.080591
350179646001 1054.511047
350179647002 28.467166
350179644002 4.048960
350179648001 2650.663676
350350004011 1.499874
350350005001 84.619013
350350005003 2.287653
350350006012 2.750411
350350006011 1689.428806
350350006031 43.008317
350350006032 22.670587
350350001001 0.674934
350350003061 2.344428
350250010042 1.037330
350250010051 6.069827
350250010041 4.399021
350250010052 3.240829
350250010043 1.134209
350250010033 0.843084
350250010034 1.034788
350250010031 2.307024
350250010032 0.944739
350250011002 2.928952
350250011001 3013.086225
350250011005 2491.873186
350250011004 337.529827
350250011003 467.945146
350350004012 1.499962
350350002002 0.676086
350350002001 0.696305
350350003033 0.179104
350350003063 0.558659
350350003062 0.481349
350350003051 0.416637
350350003053 0.600171
350350003054 0.565393
350350004013 0.492447
350350004015 0.326141
350350004014 0.632097
350350004022 2.197084
350250005024 5.105892
350250005042 0.962987
350250005041 3.885474
350250005043 0.563785
350250005032 1.062709
350250005031 1.488139
350250007022 275.408909
350250002003 9.224100
350250002002 5.619700
350250005033 1.080804
350519622002 3.858529
350350004023 1.469749
350359400002 139.222225
350350007002 201.302299
350350007001 480.317162
350350007003 2.665772
350350007004 1536.315321
350359400001 1720.831741
350350003032 0.963769
350350003041 9.256480
350350003042 4.122962
350350003031 0.628410
350350009011 77.726245
350250010053 1.325099
350250007041 12.563457
350250007031 15.652620
350519622001 3.411568
350519623002 2.086817
350519623001 7.207487
350519624011 5871.445552
350519624021 2946.541578
350519624012 13.819290
350519624022 1975.076221
350350004021 11.130965
350350004024 19.304045
350350005002 11.727313
350350009013 186.049351
350350009012 434.429265
350350005004 0.880266
350350009022 5.902402
350350001002 1.386105
350350006021 481.168908
350350003052 0.684719
350350009021 909.824763
350350003064 0.409230
350350009023 9031.807420
350450006111 36.128277
350450006113 110.210428
350450006101 3.015574
350459432013 1500.657341
350459432014 1070.693419
350450001003 3.939506
350450004021 1.638998
350450001002 3.506674
350450002012 7.394721
350450002011 6.283238
350450002021 14.225990
350450004014 0.304865
350450004012 1.503611
350450004023 2.143339
350450006082 28.282773
350450007062 772.498082
350450002022 7.098585
350450003024 0.700488
350450002051 1.137080
350450004011 1.190445
350199616004 3795.971694
350199616001 4018.039411
350199616002 12.622668
350199616003 22.278646
350579636002 1218.071653
350579636003 375.271212
350579632022 153.272406
350579632011 94.661400
350579632012 54.217454
350579632021 13.263508
350579636001 314.093888
350579636004 95.210185
350579636005 836.017746
350579637002 1034.211049
350579637001 4474.818103
350450007052 4.323217
350450007073 2.167079
350450004022 1.115284
350450006071 4.492059
350450005054 1.817777
350450001001 0.900944
350090006022 993.426463
350090006021 867.834678
350090005002 12.558483
350090006023 37.181068
350559527003 122.978159
350559401004 7.918238
350559523001 2239.561198
350559523002 144.866630
350559401003 304.273346
350090004004 1.093844
350090003011 3.561069
350090003042 1.253371
350090002011 0.654004
350090003012 0.259635
350090003013 0.583167
350090003015 1.531852
350090005001 4.531789
350090001001 2.601765
350090004001 4.815398
350090001002 0.903519
350090001003 1.057275
350090001004 0.653116
350090001005 0.598551
350090003043 1.384830
350090006033 8.197051
350090002013 3.529717
350090002014 0.613797
350090003014 0.773579
350090002012 0.525626
350090002021 0.694044
350090002022 0.562167
350090004003 0.478054
350090002023 0.332547
350090006031 113.947422
350090009001 13.578406
350079507004 7.512309
350079505006 2085.224550
350079507002 5.341447
350079506005 1486.301863
350079506001 34.361621
350079506004 1.411675
350079505005 85.594036
350079505004 1.317965
350079505003 0.791836
350090006011 1386.934628
350090003032 2.629161
350090003041 2.615976
350090006032 157.058328
350090009002 1.436240
350090003044 2.631300
350090002024 0.797268
350090004002 0.833011
350090006012 1.793371
350090003031 1.961619
350410002003 4.022505
350410002002 2.215964
350410001001 1.603744
350410003001 0.724870
350410002001 1.555295
350410004022 115.679793
350410001004 2.691601
350410003004 3.807348
350410003003 0.824177
350410001003 0.709435
350119601001 22.372777
350119601002 5993.193781
350239700001 8888.750848
350239702001 8.881389
350239702002 3.797374
350079505001 0.553887
350079505002 0.431865
350079506003 0.724865
350079506002 0.363961
350079507003 2912.019272
350079507001 2955.762093
350079507005 155.616174
350379589003 2977.299934
350559521005 10.296342
350280001001 45.056996
350280002001 43.260593
350280004004 1.631793
350280004003 75.478970
350280001003 3.796519
350280001002 3.569911
350280002002 1.043212
350379586012 1.699469
350379586013 0.958461
350379586021 40.104312
350379586011 22.599994
350379586022 0.821127
350379586014 0.701359
350379586024 0.878181
350559401001 1.851723
350559400001 36.442486
350559400002 34.409981
350559521002 351.735231
350559521003 131.710006
350559521001 937.526549
350559521004 78.840598
350559401006 0.972249
350559401002 160.765979
350559526001 1.774268
350559401005 1.488578
350559526002 47.059562
350559526003 4.906583
350559527001 535.193448
350559526004 12.654603
350559527002 538.803753
350280002003 1.373280
350280004002 0.565964
350280004001 2.834134
350280005004 53.047439
350280005003 4.404329
350280005006 0.568196
350280005001 0.685063
350280005002 0.362112
350280002004 43.914214
350069415002 95.854929
350069742012 1.912833
350069742023 0.545641
350069742022 0.639819
350069742021 0.971449
350069742011 2.385010
350069742013 23.396262
350069461003 158.693431
350069747002 1209.572421
350069744003 8.648895
350069744002 6.922942
350069744001 16.318623
350069461002 638.057246
350069747004 4466.668552
350069458001 563.453188
350069747003 1036.686106
350069747005 299.273628
350069461001 410.389772
350069415001 2178.003833
350069747001 313.734183
350069458002 325.070273
350150011004 1.301968
350150004011 81.955683
350150002001 4.692319
350150006003 18.116481
350150010005 11.625063
350150011005 3.237032
350150003005 0.644746
350150009002 242.690029
350379586023 1.657668
350379589002 1084.341342
350379589001 3185.313541
350379589004 128.154372
350410004012 44.258926
350410003002 2.423040
350410004023 441.812793
350410004013 181.249290
350410001002 1.255931
350410004011 2330.360722
350410004021 3203.621274
350280005005 1.147576
350150010006 4.063817
350150005001 1.219645
350150010001 19.350639
350150010002 0.714923
350150010004 0.597062
350150010003 0.601937
350150004023 1.701167
350150011003 0.621026
350150003003 0.777228
350150001001 2.255986
350150006004 11.583896
350150004012 3.944311
350150002003 15.235085
350150003004 0.857152
350150004013 0.582150
350150003002 0.884527
350150004024 0.486702
350150004022 0.793407
350150004021 0.513305
350150002004 1.205321
350150003001 0.759808
350150005002 2.252952
350150002002 10.805450
350150005003 0.477022
350150006001 4.007684
350150006002 1.596193
350150007004 907.758619
350150007002 3526.574548
350150009001 3993.196407
350150008001 1847.542778
350150011002 17.032328
350150011001 0.639363
350150009003 45.443182
350150007003 12.999529
350150007001 9.127647
350150008002 2.613136
350050008004 0.680111
350050008005 0.683545
350050011013 18.272003
350050002022 0.849723
350050002014 0.743242
350050002013 0.505253
350050011011 48.598189
350050010011 5.005369
350050010013 0.701738
350050002023 1.241261
350430107231 0.692148
350430107211 0.841929
350430107171 2.261730
350430107023 3.262051
350430107021 1.113945
350439405001 1.451008
350619708002 8.126871
350619709014 7.819171
350619710004 6.066366
350619710003 2.899791
350619710002 2.576021
350619703032 7.593035
350619713001 1159.241243
350619708003 1.758660
350130002021 2.196757
350130002023 1.875893
350130011021 9.713585
350130011022 3.191992
350130012013 81.604395
350130012043 2.981486
350130001041 1.703493
350050003002 6.079851
350050010022 1.123527
350430107024 1.678134
350430107141 2.172308
350430107203 11.766708
350430107142 1.361668
350430107222 6.481174
350430107202 2.429320
350619708004 0.656562
350619708005 0.720466
350619709012 1.234176
350619709013 3.774932
350619701011 8.722537
350619702002 5.887946
350619703034 10.808727
350619704042 4.077524
350130001021 2.112161
350130001023 0.373191
350130001022 0.200848
350130001024 0.431456
350130003001 0.841844
350130004011 0.648497
350430107201 2.189294
350439402002 268.165017
350430107181 66.645608
350430107173 2.784075
350430110002 1040.930697
350430112001 1572.450455
350430110001 154.773276
350430107172 7.877036
350619704011 5.202220
350619704012 1.325383
350619703022 118.529699
350619714001 2.289025
350619704013 1.264513
350619709021 30.725476
350619709011 6.666237
350619707003 13.517375
350619707001 10.909992
350130004012 0.548807
350130004013 0.326666
350130004022 0.411474
350130013073 35.066562
350130004021 0.404404
350130004023 1.029543
350130004024 1.117922
350619702001 3.481254
350619701021 3.171941
350619701012 10.236648
350619703033 12.317722
350619701023 8.483920
350619701013 10.941519
350619703031 15.370591
350619703012 16.341820
350619703021 35.840679
350619704051 58.060616
350619704041 3.135167
350619701025 5.388441
350130005001 0.529676
350130005002 0.776995
350130015004 23.706079
350130018051 0.668080
350130018052 0.914331
350130011031 4.285594
350130012032 0.349843
350130002012 4.956404
350130002014 1.381385
350619702003 2.699223
350619403001 227.028807
350619703014 85.957656
350619703013 8.996859
350619701024 2.122709
350619707002 8.918237
350619707004 8.179675
350619710001 7.843725
350619703011 4.139197
350130001033 1.841711
350130013063 0.694016
350130001031 0.705538
350130001032 1.389561
350130002011 1.489751
350619704052 1.215175
350619701022 2.075634
350619711001 591.936381
350619714002 202.684524
350130011042 2.990871
350130011043 11.787072
350130012031 0.915750
350130018061 6.622135
350130018014 8.394864
350130018015 16.244111
350130018012 2.701377
350130018013 9.250764
350130001042 1.149390
350130001043 0.752286
350130015003 1540.715106
350130013074 826.831714
350130013061 4.792520
350130013041 4.992943
350130013062 11.647529
350130012042 188.183107
350130012051 5.277942
350130013043 3.992686
350130013042 13.301257
350130012012 52.860594
350130013051 17.905879
350130012034 0.296121
350130014003 111.269098
350130017071 4.331923
350130017072 0.703126
350130017062 0.481658
350130002013 0.495148
350130012041 5.987220
350130014004 10.378804
350130012014 28.918450
350130012033 1.100054
350130013071 0.939041
350130017073 0.674841
350130003003 0.656318
350430107022 2.782161
350430109002 3095.025947
350439407001 212.877648
350130003002 0.823045
350130005003 1.144855
350130006003 1.549117
350130004025 0.654417
350130011032 26.726339
350130012053 0.638969
350439405003 1.174843
350430111001 38.619887
350439409002 540.194853
350439403001 1.987378
350430107233 178.103997
350430107051 2.039040
350430107161 1.835028
350430107121 1.054095
350430109001 87.111403
350430111004 126.912210
350430106021 7.027251
350479578001 5.120404
350479578002 5.134164
350479572002 1.544125
350479572001 13.658722
350479573003 5.732591
350479574002 0.758474
350479575001 7273.832669
350130010002 3.119976
350130010001 1.336271
350130011041 1.819180
350130013052 231.620403
350130002022 9.329143
350130018023 25.974102
350130012052 0.685528
350039764001 12869.058552
350039764002 4099.714092
350039764003 963.501056
350430107162 0.586854
350430107033 1.104199
350430106011 7.243120
350430107031 10.944196
350430107122 1.586169
350430111002 234.999638
350439406001 174.989868
350439409001 1235.561449
350430105031 3.125440
350430105033 1.131690
350430107132 0.758660
350430112002 221.989175
350479574004 4.017315
350479575002 431.665437
350479575003 339.058346
350479575004 956.941031
350479572003 0.536503
350479573004 0.305210
350479573002 0.671448
350479573001 0.867581
350479574001 8.507895
350390001002 38.989197
350390001001 274.601053
350399407002 1.977098
350399407001 0.914770
350399441002 6.346254
350399441001 23.072137
350399441005 9.021827
350130006001 0.494793
350130006002 0.473017
350130007001 0.632096
350130007002 0.480071
350130007003 0.308351
350130007006 0.391532
350130009003 0.404001
350050012002 5548.246784
350050014001 1524.299920
350050011021 3392.762515
350050011023 4277.184582
350050010021 10.526356
350050011022 150.423422
350050010012 2.787532
350430107191 1.049121
350430111003 161.362059
350430107193 2.012960
350430105032 2.211973
350430107123 0.565995
350430107052 0.483186
350430107192 1.219192
350479574003 1.343424
350479578003 2.090032
350479576002 902.388323
350479576001 625.042283
350479576003 14.901815
350479578004 0.462793
350479577002 453.851946
350479577001 1165.486063
350399441003 15.229374
350399441004 14.718338
350399408001 3.785792
350390002002 2.373605
350390003001 174.991547
350390005002 2943.745504
350390004002 637.350923
350390004003 1106.343024
350390003003 134.054606
350390005001 558.909772
350390002001 380.965464
350399408002 13.178344
350390004004 129.940445
350390004001 2194.376195
350390003002 16.525059
350390005003 1093.536148
350399410001 12.177748
350399410003 3.829414
350390003004 24.525402
350399407003 3.710090
350399408003 132.003414
350399410002 5228.304850
350130007005 0.320063
350130007004 0.302250
350130008004 0.686420
350130008001 0.315096
350130008003 0.323060
350130008002 0.269848
350130009001 0.369438
350130009006 0.295160
350050011014 1.735271
350050004004 2.510712
350050003001 1.890560
350050004001 5.904765
350050007004 6.944118
350050009001 10.708825
350050002021 1.198900
350050009002 5.462037
350430107032 2.118487
350430107124 0.697036
350430107151 1.559605
350439402001 5.329086
350430107131 2.072261
350430107164 2.199485
350130009002 1.458533
350130009005 0.447227
350130009004 0.767799
350130012011 6.065309
350130016001 29.475298
350130016002 210.407080
350130017032 29.694779
350130017012 7.402224
350130019001 2421.489010
350130013072 18.365367
350130013035 5.938649
350130013053 15.050385
350130018021 96.850265
350130018022 98.942506
350050003003 0.998486
350050003004 1.705165
350050003005 0.798341
350050004002 8.031045
350050004003 0.318981
350050002012 1.340864
350050005001 0.921978
350050002011 0.561322
350050006002 0.520356
350050007003 1.381334
350430107134 1.298826
350430106012 8.670614
350430107053 0.803582
350430107034 4.998256
350439405002 1.261406
350430107054 0.787802
350430106022 4.327451
350130018041 40.386204
350130018042 31.619121
350130017021 349.190338
350130017031 60.165040
350130017061 1.481928
350130017051 5.087879
350130017052 7.001396
350130017011 1947.454702
350050006001 17.002834
350050006004 1.383699
350050006003 0.972375
350050007002 1.023325
350050008001 0.629754
350050005002 0.722851
350050008002 4.857138
350050007001 0.484457
350050012001 53.827185
350050013001 27.636124
350050011012 46.227149
350050013002 481.190827
350050014002 28.451357
350050006005 0.251889
350050008003 0.679974
350430107133 0.737355
350430107212 3.744636
350430107163 0.591947
350430107152 0.797920
350430107221 55.263083
350430107232 2.282875
350619708001 2.418282
350130018043 28.333261
350130018062 2.291455
350130013032 5.127999
350130013033 4.140621
350130018011 18.873527
350130013031 18.770576
350130013034 5.876157
350130015001 16.578097
350130015002 4.852207
350130014001 921.252444
350130014002 51.072995
350490103152 0.849408
350490103162 1.121925
350490013032 0.455007
350490013033 0.538857
350490013034 0.245666
350490013035 4.127579
350490011062 1.124282
350010035022 4.407018
350010047422 1.518067
350010044021 2.971077
350010005012 0.398031
350010030022 1.142167
350010023002 1.352405
350010030014 0.628928
350010001221 0.686615
350010009012 0.166802
350010004024 0.510446
350010037381 0.332938
350010037384 0.397596
350010047352 1.224517
350010047333 0.726641
350010047343 0.425258
350010047442 1.820124
350010047424 1.308158
350010047431 0.886393
350010047432 0.453764
350010037174 0.520421
350010037171 0.559120
350010001251 1.050997
350010001253 0.607853
350599502003 9807.505910
350599502002 65.916300
350599502001 30.027756
350490012043 0.593216
350490012023 1.815552
350490011073 0.551825
350490011074 0.573747
350010012002 0.315338
350010001244 0.602990
350010043003 1.165014
350010038041 20.637992
350010017004 0.237251
350010014001 0.527202
350010045022 0.669741
350010012004 5.351007
350010037072 0.622438
350010046042 2.940628
350010043002 0.653923
350010001231 0.320533
350010037323 0.910244
350010037222 2.311444
350010037221 3.257839
350010047332 0.689936
350010047331 1.071221
350010047342 0.477728
350010047383 1.193586
350010047131 0.697444
350010047402 1.355497
350010047401 2.228945
350010047381 1.610171
350010037351 3.812609
350010002031 0.561725
350010047403 1.115488
350010037303 1.268261
350010047202 0.447023
350010032023 0.406961
350010024025 0.711967
350010044012 0.827013
350010045021 1.253082
350010024012 0.619379
350010037261 1.089132
350010009033 0.815065
350010027005 0.335100
350010030012 0.626618
350010001112 0.504415
350019405001 34.811967
350010007141 1.043014
350010047121 1.456117
350010047392 1.242659
350010047391 0.775381
350010047133 1.165907
350010005022 0.848585
350010047412 3.069991
350010047413 2.297070
350010037214 2.419138
350010047502 0.752145
350490012021 2.109258
350490103141 5.827047
350499409003 7.401811
350490104001 36.341723
350490105001 31.287083
350490001011 8.074546
350490001013 1.023118
350010047132 0.826535
350010029001 1.115403
350010047122 5.385636
350010006043 1.306107
350010037235 1.123643
350010037241 0.595685
350010007134 1.463764
350019406002 278.598790
350010001243 0.285093
350010011011 0.491427
350010047471 2.245194
350010047503 0.573172
350010047351 0.766917
350010047452 1.342551
350010047451 0.786343
350019405002 8.607466
350010007143 0.519152
350010037322 1.821424
350010037371 0.875207
350010037212 12.687780
350010037352 3.489584
350010038061 57.134330
350010038062 41.365301
350010047151 9.722890
350010047382 0.734957
350010014004 0.356133
350010014003 0.216678
350010047361 13.011074
350010047242 0.905911
350010037173 0.219431
350010038052 36.223687
350010036003 1.531885
350010047201 2.308090
350010047252 1.097491
350010038031 56.796593
350010047283 1.653788
350010047173 1.456146
350010047421 1.358731
350010047423 2.075969
350010047371 1.283600
350019406003 2.440781
350010047521 0.768156
350010047531 1.400321
350010047461 5.141670
350010047453 0.864184
350010047231 1.238792
350010001071 2.513682
350010002051 0.286527
350010002083 0.983516
350010047271 0.380765
350010047281 0.424397
350010030013 0.662671
350010047272 0.544249
350010047221 0.784039
350010047472 0.541414
350010047241 1.073275
350010004022 0.492845
350010006013 0.652459
350010037121 0.741814
350010047523 0.419381
350010047223 4.837199
350010047481 1.345678
350010047411 1.686081
350010047462 2.278088
350010047482 0.804756
350010047522 0.741703
350010047441 21.337991
350539783011 113.761980
350539781002 274.825100
350539782001 7262.983202
350539782002 45.739263
350539783021 2.696252
350279603001 3832.280339
350279603002 34.495857
350279602002 1734.382316
350279602001 4659.079868
350279604002 242.535032
350279604001 1887.868009
350279606002 6.372857
350279606003 2.687333
350279606004 34.906376
350279606001 13.096649
350279608002 10.260529
350279608001 17.950123
350279604003 33.663528
350279604004 2.888935
350010035021 2.386044
350010046021 6.331462
350010029003 1.840522
350010020002 0.890533
350010029002 1.028199
350010027001 1.614814
350010032011 1.161412
350010047171 1.221196
350010037213 14.306489
350010007102 11.046559
350010047251 0.734518
350010013004 1.700233
350010046041 3.481641
350010002042 0.675058
350010006014 0.427186
350010011023 0.325539
350010016001 0.622032
350010037073 0.676520
350010016002 0.372015
350010031002 0.831873
350010001292 0.627987
350010001102 0.484163
350010007042 0.652291
350010009016 0.170579
350010037284 0.296655
350010047483 1.276346
350010001081 0.530595
350010001072 0.625847
350010001092 0.641490
350010001091 0.637248
350010001201 0.640717
350010001202 0.638563
350010001132 0.693943
350010037361 12.780141
350010002073 0.647681
350010037141 0.669178
350010002041 0.682297
350010005011 0.890292
350539783022 0.618485
350539781001 8187.891432
350539783023 1.176571
350539783031 12.700531
350539783032 38.797446
350539783012 57.090811
350539400001 1216.536709
350490001012 3.767675
350010034003 3.551223
350010007131 0.453183
350010040012 80.156706
350010008011 3.722218
350010012003 5.467935
350010035013 2.128742
350010037124 0.655328
350010038071 71.440242
350010037321 3.835456
350010037283 0.448683
350010007122 0.659227
350010038042 15.972395
350010020001 1.074205
350010003006 1.414334
350010006033 0.409969
350010001224 0.882045
350010037154 1.072796
350010047222 0.193794
350010002052 0.309649
350010002081 0.448502
350010037242 0.561542
350010037172 0.978063
350010037232 0.675630
350010037252 0.858320
350010047233 0.476696
350010037211 11.195312
350010009042 0.647189
350010011014 0.583705
350010009031 0.343113
350010009043 0.647515
350010009034 0.647805
350010015002 0.633727
350010013003 0.454943
350010023003 1.228050
350010025002 1.975586
350010036001 2.961640
350010047161 3.681984
350010037312 3.805764
350010046043 2.142297
350490001014 1.830270
350490003001 0.891623
350490004001 1.164363
350490006001 0.858903
350010036004 2.276802
350010035024 2.031749
350010046022 5.133613
350010046032 2.462536
350010001153 0.660594
350010001282 0.333132
350010035012 1.546044
350010035023 2.338933
350010001122 1.637706
350010001291 0.367617
350010047261 1.558589
350010045023 1.038960
350010030011 1.069766
350010032024 0.592525
350010001223 0.490793
350010045012 1.230142
350010001242 0.562903
350010037253 0.476962
350010001172 0.667497
350010037143 0.625891
350010003003 0.366839
350010046033 2.423897
350010047492 0.529116
350010047341 0.610233
350010005023 1.044810
350019407001 462.328733
350019406001 566.926825
350010011015 0.707423
350010040013 8.152106
350010047372 1.338775
350010047511 5.301761
350010047532 1.371389
350019406004 139.639238
350490006002 0.770568
350490007001 1.285597
350490010012 1.226649
350490010011 1.390632
350490010023 0.810043
350490010022 0.625166
350290005002 1754.616509
350290002002 14.451089
350290001002 5.388592
350290004002 1358.395226
350290002001 4.191961
350290006001 4.298425
350290001001 36.528300
350010027003 0.316420
350010038043 24.675668
350010022001 0.427908
350010032021 0.835293
350010047234 2.329239
350010047291 3.203254
350010002062 0.698349
350010047292 1.466481
350010001235 0.669201
350010006011 0.889289
350010022003 1.584720
350010009011 0.165503
350010037282 0.580893
350010047172 0.661473
350010046031 1.046771
350010022002 0.571866
350010037382 0.336412
350010037181 0.735245
350010037193 0.630965
350010024024 0.424344
350010001182 0.657196
350010019001 0.702484
350010037302 0.546726
350010017001 0.536782
350010017003 0.409630
350010004023 0.401077
350010027002 0.265706
350490010021 0.641897
350490011032 1.562956
350490011031 0.631672
350490011052 0.471915
350490105002 3.037236
350490011061 1.313383
350490101021 284.552288
350319436005 156.527300
350319436006 135.264275
350319437002 426.556040
350319437004 87.898598
350319438001 260.981247
350319452002 33.052294
350319439021 148.206695
350319439022 404.069830
350319456001 9.993156
350319455004 17.282647
350319455002 0.690989
350319454001 1.811909
350290003003 0.964373
350290003002 0.692697
350290003001 0.641388
350290004003 525.442007
350290001003 1.078355
350290004004 58.105357
350290004001 771.050531
350290005001 1079.870608
350290005003 2062.900699
350290006002 1.186360
350010037231 0.686120
350010004013 0.932445
350010003005 0.571680
350010038072 159.577504
350010030021 2.607723
350010038073 127.671834
350010047282 0.547930
350010024021 0.511188
350010002082 0.724895
350010034002 3.920127
350010032022 1.241444
350010045011 0.995932
350010043004 1.146673
350010036002 1.772310
350010047152 41.609557
350010018001 1.082456
350010017002 0.631995
350010002061 0.703445
350010037144 0.433329
350010017005 0.230543
350010001121 0.567512
350010003004 0.404979
350010005021 0.742851
350010032012 0.571445
350010001215 0.297438
350339552003 456.405176
350339552004 256.391427
350339552001 367.435092
350339552002 247.278613
350339552005 3674.467006
350499409001 1.071067
350499409002 2.027705
350490107002 22.568598
350490108002 60.472092
350490103041 40.463944
350490103042 18.065838
350499403001 122.284288
350499406003 10.298836
350499406001 17.635772
350490103082 135.386030
350490103081 5.651214
350490106011 60.690746
350490107001 20.555722
350490107003 37.810853
350490108001 175.736882
350319455003 1.058612
350319455001 3.516558
350319454002 1.803657
350319456003 0.752999
350319439011 201.690886
350319437003 548.966916
350319438004 116.488811
350319436001 149.952558
350319438003 58.152194
350319438005 187.712684
350319436003 119.993310
350319436004 246.004756
350319438002 475.521502
350319403003 9.746032
350319403002 18.922518
350319403001 4.548624
350319437001 502.160639
350319435001 1594.984529
350319435003 22.384258
350319452003 9.231840
350319453001 51.461348
350010025001 1.437225
350010037291 2.072707
350010037233 0.633005
350010037292 2.126060
350010037262 0.932786
350010038051 68.472071
350010037301 0.763296
350010047491 0.690019
350010044011 2.108026
350010044022 2.067783
350010027004 0.452864
350010007072 0.374465
350010001213 0.357933
350010013002 0.366035
350010002053 0.264560
350010034001 0.264797
350010006032 0.483682
350010006042 0.393658
350010037152 0.525840
350010037251 0.904786
350010001181 0.704784
350010012005 0.175908
350010011022 0.662055
350010007111 1.904053
350010037191 0.936834
350010001142 0.657415
350010001232 0.515997
350490012031 2.265328
350490012032 8.388832
350490012052 1.200035
350490103151 1.872586
350490103161 0.932064
350490104002 5.796798
350490002002 4.775720
350490002001 6.518679
350319453002 2.517027
350319460004 143.304940
350319460001 544.316081
350319460002 238.123381
350319435002 113.326021
350319436002 133.865278
350319457001 426.719642
350319439013 253.895634
350319439012 119.066652
350319460003 95.396085
350319452001 26.419341
350319456004 0.586971
350319456002 1.026623
350319460005 8.119999
350319457002 210.852455
350319452004 15.345904
350319731001 794.924456
350319405001 1272.899793
350319440002 871.057635
350319440001 2835.786452
350010014002 0.445993
350010037243 0.614264
350010040011 9.225717
350010008012 120.585570
350010047232 0.432451
350010035011 2.871145
350010031003 2.205338
350010007081 0.773974
350010037071 1.877230
350010037192 1.013601
350010002071 0.642614
350010001161 0.720943
350010007071 1.392261
350010001272 0.352111
350010007132 0.386744
350010001082 0.758888
350010011012 0.389878
350010037153 0.313794
350010001222 0.575490
350010002054 0.355810
350010001241 0.248226
350010037234 0.598876
350010003002 0.380594
350490002003 1.156087
350490005001 1.242554
350499405001 62.780022
350490005002 1.789343
350490008001 1.330315
350490009001 1.665465
350490102031 307.357268
350490011072 0.633389
350490101023 8.269369
350010024023 0.643055
350010007133 0.249838
350010036005 1.840209
350010004012 0.769165
350010037331 2.243913
350010007101 1.652718
350010003001 0.680983
350010018002 0.930821
350010011021 0.377858
350010007041 0.402499
350010047501 1.108338
350010001171 0.615140
350010015001 0.538549
350010021001 1.276190
350010006041 0.317573
350010001271 0.368820
350010034004 0.455911
350010007121 0.755476
350010006031 0.591210
350010001233 0.563555
350010007073 0.229951
350010037151 2.050671
350010037122 0.653256
350010001191 0.633290
350010001283 0.353560
350010001214 0.638148
350010009015 0.162456
350010038032 38.645195
350010037281 0.292966
350010001111 0.832482
350010001192 0.582694
350010006012 0.462893
350490011051 1.951398
350490011071 0.850610
350490013021 1.046513
350499405002 20.361072
350490012051 1.338384
350490012041 0.602162
350010013001 0.347313
350010043001 0.747421
350010006044 0.479054
350010007043 1.462362
350010007083 1.187165
350010037311 3.366755
350010004011 0.738205
350010007082 1.054200
350010002072 1.216242
350010023001 1.261676
350010001284 0.267427
350010007142 1.685436
350010001131 0.623169
350010001141 0.638326
350010001152 0.313391
350010007074 0.393099
350010009032 0.304424
350010004021 0.568978
350010001103 0.313319
350010037182 0.474638
350010009014 0.331742
350010007112 0.517647
350010001162 0.682387
350010001252 0.789962
350010002032 0.618000
350010007113 0.822728
350010001234 0.450044
350010001273 0.541652
350010009017 0.382229
350490012042 1.381046
350490012022 1.599193
350490101022 7.143517
350490009002 0.880098
350490008002 0.586482
350499800001 2.615000
350490103092 496.412724
350490103091 636.196455
350490103111 73.628885
350490011021 1.960361
350490106022 9.584373
350490106021 16.121868
350490103121 39.849621
350010012001 0.556300
350010031001 1.347028
350010024011 1.253496
350010011013 0.548516
350010001262 0.695948
350010023004 1.445500
350010026001 0.773510
350010037142 0.333794
350010024013 1.333647
350010024022 0.526505
350010009013 0.189618
350010001261 0.619937
350010037123 0.595377
350010009041 0.387940
350010001212 0.653274
350010007075 1.014162
350010001211 0.645234
350010001281 0.355053
350010001293 0.319838
350010007103 2.351206
350010001151 0.330465
350010037372 0.677961
350010037383 0.355854
350010001101 0.495084
350490103112 83.024952
350490103122 22.438508
350490102041 183.625055
350490102032 28.557248
350490013031 0.849040
350490013022 0.925419
350499403002 31.479005
350490103101 959.764611
350490106031 199.208622
350490011022 2.668923
350490013011 1.699404
350490013041 6.148636
350499404001 84.648217
350499406002 26.543938
350490109001 440.079914
