1 0 1353023281269748473 3496248932239819543 7166724474709528521 2309325358603918780 4595996631486316320 2 388510 427170066518
1 1 9568720225678198370 6458798655468809317 6084776239049587129 9746283703517448124 4599979040479887178 2 329857 362680926266
1 -1 12437055160611207659 17054430770564249435 1241107788645143539 16142683213273240980 4606502578319965990 0 67280 73975788870
3 0 0 0 9361170505611438399 8077883687207301293 10021008093979897250 11557848430168574900 4601560178206194300 3 543241 597298627732
6 42 0 1025 350010001001 0 0 3342343874437328245 1963260026745481180 16260255366626746112 11609008891509561431 4592333405142639456 6 881472 969186745084
6 42 0 1025 350010001001 0 1 4080256705686790893 8890033552535772272 14108824805884343937 7008639328149127364 4602353293309054134 5 764843 840951490752
6 42 1 1025 350010001001 0 0 15051249052470344526 5944086703632229828 16439821744257860001 13256200808044380816 4599476392089421768 6 891207 979889735237
5 7 3 4353 350490107012 17 12755542867701659785 3913706438299581545 17001892803810962284 18211419396958064799 4596811978177839292 6 921677 1013391781080
1 9223372036854775807 121711385449779577 9235589885942104901 12841882897741888936 14827143926455109179 4602684784919271584 4 696161 765435868367
1 -9223372036854775808 10667499893715445455 17564240615342375125 13465735845064672904 3909506864834493709 4606751508908236560 5 729981 802620401684
10 1 2 3 4 5 6 7 8 9 10 7003096354483978948 12172490467791581878 6178872720624891014 12703352614225278164 4604118818406502774 2 334958 368289513625
2 123456789 -987654321 3421947921066009268 16705447381826019503 1316355145867555226 12536902698926672212 4606332176274683652 0 71359 78460880867
5 0 0 769 60371234001 99 17863625097438764862 164047975316913366 10112349863396043799 13743639913330998099 4576280121009706944 3 548193 602743021452
7 29 0 2306 111 350010001001 11 5 8241618602629322277 17855828304419381463 4824291347404637643 9729994079997062497 4606893885709543692 1 261526 287550172055
5 29 0 1281 350010047001 0 6014366564402352999 3072788626675830325 3799602614593783655 7717093066431072630 4595169560577011652 1 205977 226473964130
5 29 0 1281 350010047001 1 4004790733818084135 15579668459083567809 1822826069010070125 2870902838588045261 4605782479535063314 0 98815 108648900330
8 0 0 5377 350010001001 3 0 0 7 11485051195485710658 570479853053329217 3743933568015779015 268779113426044001 4584570969112382176 1 202959 223155830384
8 1 0 5377 350010001002 3 1 -1 7 15552214178335552833 12554020762515626138 12464774021540850936 7589035533395712008 4604305112495723499 4 675718 742958427759
8 2 0 5377 350010001003 3 4 -2 7 15787616485946953219 9635355360686077802 10095736785531656326 547455081008132014 4602879982904986414 3 547292 601752804847
8 3 0 5377 350010001004 3 9 -3 7 669735968804999114 2238531504796183032 10067977318444293547 17603676069918579638 4593408684353775016 3 545787 600098211672
8 4 0 5377 350010001005 3 16 -4 7 11077041130300358671 8084026032888505509 16306453774480256885 10788380467248985679 4601566176590648600 6 883977 971940384774
8 5 0 5377 350010001006 3 25 -5 7 14231507235485899117 15484969610359249410 9007620546076753177 2207199149020687104 4605736239862834643 3 488305 536896022920
8 6 0 5377 350010001007 3 36 -6 7 10363505810742739435 5623366734446862353 3944000804741546163 1316489605062473527 4599163188994514184 1 213805 235080766960
8 7 0 5377 350010001008 3 49 -7 7 18348931462926531590 2729672461133488121 11083356218912944832 17184294456060502640 4594499411816186764 4 600831 660619510347
8 8 0 5377 350010001009 3 64 -8 7 5973931281740890552 1665096188735936751 16426199599086204655 14208068805684788823 4591168702650414680 6 890468 979077792113
8 9 0 5377 350010001010 3 81 -9 7 7502359608796420294 10544416364250734998 9143656577119593204 14859626268255373631 4603323860348133220 3 495680 545004402227
8 10 0 5377 350010001011 3 100 -10 7 15862797322647567718 10351811531835688630 4516040916872699650 6223028516889432814 4603229815019805560 1 244815 269177014641
8 11 0 5377 350010001012 3 121 -11 7 15267408198298121424 4485450414732989990 16884615302430872931 5143723929095908875 4597928665631810792 6 915319 1006401497270
8 12 0 5377 350010001013 3 144 -12 7 13791873961121920377 17287681553067197885 7510731091558141681 7719305442078426594 4606616470303610008 2 407158 447674458715
8 13 0 5377 350010001014 3 169 -13 7 7301723843733589163 3148080501173345491 767944543593610244 2443266237771081699 4595316615019389612 0 41630 45773061728
8 14 0 5377 350010001015 3 196 -14 7 10139175499191107985 14734164908803738945 6200031894615630884 6910970617995023326 4605369636004653241 2 336105 369550698674
8 15 0 5377 350010001016 3 225 -15 7 5111437109616236332 14411069344735429509 15989790199074776092 1136471043316252081 4605211874498760512 6 866810 953065764848
